ch0 = [0.944931 + j*(0.640545)
];
