dl01_r0 = [-48 + j*(-52)
-92 + j*(-100)
-136 + j*(-148)
-184 + j*(-196)
-228 + j*(-248)
-272 + j*(-296)
-188 + j*(-240)
-104 + j*(-180)
-12 + j*(-124)
72 + j*(-68)
156 + j*(-8)
248 + j*(52)
164 + j*(8)
84 + j*(-40)
8 + j*(-80)
-76 + j*(-124)
-152 + j*(-168)
-232 + j*(-208)
-256 + j*(-124)
-284 + j*(-32)
-308 + j*(56)
-332 + j*(144)
-356 + j*(232)
-380 + j*(324)
-284 + j*(276)
-184 + j*(232)
-88 + j*(188)
12 + j*(144)
112 + j*(100)
212 + j*(60)
24 + j*(56)
-160 + j*(52)
-344 + j*(52)
-528 + j*(48)
-712 + j*(48)
-892 + j*(48)
-884 + j*(-84)
-872 + j*(-216)
-860 + j*(-344)
-852 + j*(-476)
-840 + j*(-604)
-824 + j*(-736)
-768 + j*(-644)
-708 + j*(-552)
-644 + j*(-460)
-588 + j*(-368)
-528 + j*(-276)
-464 + j*(-180)
-484 + j*(-148)
-504 + j*(-108)
-516 + j*(-72)
-536 + j*(-36)
-556 + j*(0)
-568 + j*(40)
-528 + j*(-12)
-484 + j*(-64)
-440 + j*(-112)
-400 + j*(-164)
-356 + j*(-212)
-312 + j*(-260)
-300 + j*(-252)
-284 + j*(-248)
-272 + j*(-236)
-256 + j*(-228)
-244 + j*(-216)
-228 + j*(-208)
-184 + j*(-128)
-136 + j*(-48)
-92 + j*(36)
-44 + j*(112)
4 + j*(196)
52 + j*(280)
-84 + j*(164)
-224 + j*(48)
-360 + j*(-64)
-492 + j*(-180)
-628 + j*(-296)
-764 + j*(-408)
-612 + j*(-476)
-456 + j*(-544)
-308 + j*(-612)
-152 + j*(-680)
0 + j*(-748)
156 + j*(-816)
128 + j*(-548)
104 + j*(-280)
76 + j*(-12)
52 + j*(256)
24 + j*(524)
0 + j*(796)
-44 + j*(812)
-84 + j*(832)
-124 + j*(852)
-164 + j*(872)
-208 + j*(892)
-248 + j*(912)
-168 + j*(828)
-80 + j*(748)
0 + j*(664)
84 + j*(584)
168 + j*(500)
252 + j*(420)
144 + j*(316)
36 + j*(216)
-72 + j*(116)
-180 + j*(16)
-288 + j*(-84)
-392 + j*(-184)
-224 + j*(-80)
-52 + j*(20)
124 + j*(124)
296 + j*(224)
468 + j*(328)
644 + j*(432)
412 + j*(368)
184 + j*(308)
-44 + j*(248)
-276 + j*(188)
-504 + j*(124)
-728 + j*(64)
-644 + j*(80)
-556 + j*(104)
-464 + j*(124)
-376 + j*(144)
-288 + j*(164)
-196 + j*(188)
-176 + j*(196)
-156 + j*(204)
-136 + j*(212)
-116 + j*(220)
-96 + j*(228)
-72 + j*(240)
0 + j*(240)
72 + j*(240)
144 + j*(244)
216 + j*(244)
288 + j*(244)
360 + j*(248)
264 + j*(280)
172 + j*(320)
80 + j*(360)
-16 + j*(392)
-108 + j*(432)
-200 + j*(472)
-220 + j*(364)
-236 + j*(256)
-248 + j*(156)
-268 + j*(48)
-284 + j*(-60)
-296 + j*(-160)
-308 + j*(-116)
-312 + j*(-64)
-320 + j*(-12)
-324 + j*(36)
-332 + j*(88)
-340 + j*(192)
-264 + j*(228)
-184 + j*(264)
-104 + j*(304)
-24 + j*(340)
56 + j*(376)
140 + j*(416)
36 + j*(280)
-64 + j*(152)
-164 + j*(20)
-264 + j*(-112)
-364 + j*(-240)
-460 + j*(-372)
-464 + j*(-360)
-468 + j*(-348)
-468 + j*(-336)
-472 + j*(-324)
-472 + j*(-312)
-472 + j*(-296)
-432 + j*(-212)
-396 + j*(-124)
-352 + j*(-32)
-316 + j*(56)
-276 + j*(144)
-232 + j*(236)
-200 + j*(196)
-164 + j*(156)
-124 + j*(116)
-92 + j*(76)
-56 + j*(36)
-16 + j*(4)
44 + j*(32)
112 + j*(68)
180 + j*(100)
244 + j*(136)
312 + j*(168)
380 + j*(204)
288 + j*(188)
200 + j*(180)
108 + j*(168)
20 + j*(156)
-72 + j*(144)
-156 + j*(136)
-144 + j*(84)
-128 + j*(36)
-116 + j*(-8)
-100 + j*(-60)
-88 + j*(-108)
-72 + j*(-152)
-172 + j*(-180)
-268 + j*(-208)
-368 + j*(-232)
-464 + j*(-256)
-560 + j*(-284)
-660 + j*(-308)
-680 + j*(-184)
-704 + j*(-60)
-728 + j*(60)
-744 + j*(184)
-768 + j*(312)
-788 + j*(436)
-716 + j*(304)
-640 + j*(168)
-568 + j*(40)
-492 + j*(-92)
-416 + j*(-224)
-340 + j*(-352)
-196 + j*(-336)
-52 + j*(-312)
92 + j*(-288)
236 + j*(-268)
384 + j*(-244)
532 + j*(-220)
496 + j*(-204)
456 + j*(-184)
424 + j*(-164)
388 + j*(-148)
352 + j*(-128)
320 + j*(-104)
212 + j*(-40)
112 + j*(28)
12 + j*(96)
-92 + j*(164)
-192 + j*(228)
-292 + j*(300)
-236 + j*(236)
-176 + j*(180)
-120 + j*(120)
-60 + j*(64)
-4 + j*(4)
60 + j*(-52)
4 + j*(-16)
-48 + j*(20)
-104 + j*(56)
-156 + j*(92)
-212 + j*(128)
-264 + j*(172)
-236 + j*(144)
-208 + j*(124)
-180 + j*(104)
-152 + j*(84)
-124 + j*(64)
-96 + j*(44)
-128 + j*(76)
-156 + j*(112)
-188 + j*(148)
-216 + j*(184)
-248 + j*(220)
-276 + j*(260)
-312 + j*(196)
-340 + j*(136)
-372 + j*(76)
-400 + j*(16)
-436 + j*(-44)
-464 + j*(-100)
-528 + j*(-104)
-588 + j*(-104)
-652 + j*(-104)
-716 + j*(-108)
-780 + j*(-108)
-836 + j*(-104)
-684 + j*(-128)
-524 + j*(-148)
-360 + j*(-168)
-204 + j*(-188)
-44 + j*(-212)
120 + j*(-228)
84 + j*(-196)
52 + j*(-156)
28 + j*(-124)
-8 + j*(-84)
-40 + j*(-52)
-64 + j*(-12)
-44 + j*(-56)
-16 + j*(-92)
12 + j*(-132)
36 + j*(-168)
60 + j*(-208)
88 + j*(-244)
-40 + j*(-248)
-160 + j*(-248)
-284 + j*(-248)
-408 + j*(-252)
-532 + j*(-252)
-652 + j*(-248)
-776 + j*(-252)
-900 + j*(-252)
-1024 + j*(-252)
-1148 + j*(-256)
-1268 + j*(-256)
0 + j*(0)
0 + j*(0)
0 + j*(0)
0 + j*(0)
0 + j*(0)
0 + j*(0)
0 + j*(0)
0 + j*(0)
0 + j*(0)
0 + j*(0)
0 + j*(0)
0 + j*(0)
0 + j*(0)
0 + j*(0)
0 + j*(0)
0 + j*(0)
0 + j*(0)
0 + j*(0)
0 + j*(0)
0 + j*(0)
0 + j*(0)
0 + j*(0)
0 + j*(0)
0 + j*(0)
0 + j*(0)
0 + j*(0)
0 + j*(0)
0 + j*(0)
0 + j*(0)
0 + j*(0)
0 + j*(0)
0 + j*(0)
0 + j*(0)
0 + j*(0)
0 + j*(0)
0 + j*(0)
0 + j*(0)
0 + j*(0)
0 + j*(0)
0 + j*(0)
0 + j*(0)
0 + j*(0)
0 + j*(0)
0 + j*(0)
0 + j*(0)
0 + j*(0)
0 + j*(0)
0 + j*(0)
0 + j*(0)
0 + j*(0)
0 + j*(0)
0 + j*(0)
0 + j*(0)
0 + j*(0)
0 + j*(0)
0 + j*(0)
0 + j*(0)
0 + j*(0)
0 + j*(0)
0 + j*(0)
0 + j*(0)
0 + j*(0)
0 + j*(0)
0 + j*(0)
0 + j*(0)
0 + j*(0)
0 + j*(0)
0 + j*(0)
0 + j*(0)
0 + j*(0)
0 + j*(0)
0 + j*(0)
0 + j*(0)
0 + j*(0)
0 + j*(0)
0 + j*(0)
0 + j*(0)
0 + j*(0)
0 + j*(0)
0 + j*(0)
0 + j*(0)
0 + j*(0)
0 + j*(0)
0 + j*(0)
0 + j*(0)
0 + j*(0)
0 + j*(0)
0 + j*(0)
0 + j*(0)
0 + j*(0)
0 + j*(0)
0 + j*(0)
0 + j*(0)
0 + j*(0)
0 + j*(0)
0 + j*(0)
0 + j*(0)
0 + j*(0)
0 + j*(0)
0 + j*(0)
0 + j*(0)
0 + j*(0)
0 + j*(0)
0 + j*(0)
0 + j*(0)
0 + j*(0)
0 + j*(0)
0 + j*(0)
0 + j*(0)
0 + j*(0)
0 + j*(0)
0 + j*(0)
0 + j*(0)
0 + j*(0)
0 + j*(0)
0 + j*(0)
0 + j*(0)
0 + j*(0)
0 + j*(0)
0 + j*(0)
0 + j*(0)
0 + j*(0)
0 + j*(0)
0 + j*(0)
0 + j*(0)
0 + j*(0)
0 + j*(0)
0 + j*(0)
0 + j*(0)
0 + j*(0)
0 + j*(0)
0 + j*(0)
0 + j*(0)
0 + j*(0)
0 + j*(0)
0 + j*(0)
0 + j*(0)
0 + j*(0)
0 + j*(0)
0 + j*(0)
0 + j*(0)
0 + j*(0)
0 + j*(0)
0 + j*(0)
0 + j*(0)
0 + j*(0)
0 + j*(0)
0 + j*(0)
0 + j*(0)
0 + j*(0)
0 + j*(0)
0 + j*(0)
0 + j*(0)
0 + j*(0)
0 + j*(0)
0 + j*(0)
0 + j*(0)
0 + j*(0)
0 + j*(0)
0 + j*(0)
0 + j*(0)
0 + j*(0)
0 + j*(0)
0 + j*(0)
0 + j*(0)
0 + j*(0)
0 + j*(0)
0 + j*(0)
0 + j*(0)
0 + j*(0)
0 + j*(0)
0 + j*(0)
0 + j*(0)
0 + j*(0)
0 + j*(0)
0 + j*(0)
0 + j*(0)
0 + j*(0)
0 + j*(0)
0 + j*(0)
0 + j*(0)
0 + j*(0)
0 + j*(0)
0 + j*(0)
0 + j*(0)
0 + j*(0)
0 + j*(0)
0 + j*(0)
0 + j*(0)
0 + j*(0)
0 + j*(0)
0 + j*(0)
0 + j*(0)
0 + j*(0)
0 + j*(0)
0 + j*(0)
0 + j*(0)
0 + j*(0)
0 + j*(0)
0 + j*(0)
0 + j*(0)
0 + j*(0)
0 + j*(0)
0 + j*(0)
0 + j*(0)
0 + j*(0)
0 + j*(0)
-36 + j*(-40)
-70 + j*(-76)
-102 + j*(-112)
-138 + j*(-148)
-172 + j*(-186)
-270 + j*(-242)
-208 + j*(-194)
-144 + j*(-144)
-74 + j*(-94)
-12 + j*(-46)
52 + j*(6)
122 + j*(56)
58 + j*(30)
-2 + j*(2)
-56 + j*(-22)
-90 + j*(-56)
-114 + j*(-88)
-142 + j*(-118)
-128 + j*(-56)
-118 + j*(14)
-104 + j*(82)
-140 + j*(126)
-176 + j*(172)
-212 + j*(220)
-158 + j*(164)
-100 + j*(112)
-46 + j*(58)
22 + j*(42)
90 + j*(26)
156 + j*(12)
10 + j*(26)
-134 + j*(38)
-280 + j*(56)
-396 + j*(64)
-512 + j*(74)
-626 + j*(84)
-598 + j*(-6)
-568 + j*(-94)
-536 + j*(-180)
-544 + j*(-312)
-548 + j*(-438)
-548 + j*(-568)
-520 + j*(-532)
-488 + j*(-494)
-452 + j*(-456)
-458 + j*(-358)
-458 + j*(-260)
-456 + j*(-158)
-520 + j*(-106)
-580 + j*(-46)
-636 + j*(12)
-616 + j*(36)
-598 + j*(62)
-572 + j*(90)
-508 + j*(48)
-442 + j*(8)
-372 + j*(-30)
-338 + j*(-82)
-302 + j*(-132)
-264 + j*(-182)
-252 + j*(-188)
-236 + j*(-198)
-222 + j*(-202)
-222 + j*(-198)
-226 + j*(-188)
-224 + j*(-182)
-202 + j*(-122)
-178 + j*(-64)
-156 + j*(-2)
-124 + j*(42)
-90 + j*(92)
-56 + j*(142)
-160 + j*(42)
-266 + j*(-58)
-370 + j*(-156)
-456 + j*(-240)
-544 + j*(-322)
-630 + j*(-402)
-502 + j*(-450)
-368 + j*(-496)
-242 + j*(-544)
-112 + j*(-582)
14 + j*(-620)
142 + j*(-658)
134 + j*(-444)
130 + j*(-228)
120 + j*(-16)
102 + j*(166)
80 + j*(344)
62 + j*(526)
26 + j*(518)
-4 + j*(512)
-34 + j*(506)
-62 + j*(562)
-92 + j*(618)
-118 + j*(674)
-56 + j*(652)
