dl0_r1_llr = [-94
521
134
-592
255
-17
158
-255
-273
348
-114
107
219
303
-209
415
-296
159
-198
-94
89
-135
371
-176
276
428
-403
-470
-26
-341
-137
-483
438
150
168
296
35
185
33
-109
145
-161
-93
-254
-123
-38
-276
-79
161
94
144
-175
-43
16
136
-53
-59
250
322
96
105
172
-82
27
-359
394
56
-413
306
-675
-91
-28
664
-383
180
202
-132
-465
-782
-376
259
261
-228
526
523
85
-98
317
-427
610
-297
-369
-200
337
402
289
-159
-177
186
-54
74
-115
-144
381
-78
-192
306
139
-144
443
-4
-255
-331
142
-361
-716
-314
128
494
301
-820
-209
175
269
-53
568
-558
-318
-69
92
772
256
-628
-642
-344
675
-221
790
-316
138
261
333
28
10
-328
-309
-539
64
168
-308
377
153
260
-319
-124
60
-281
185
588
-358
-120
-159
92
61
-132
299
-5
207
-142
232
222
30
-301
41
1
-125
111
-27
-330
-353
-639
178
-124
-17
-15
-209
-95
214
82
253
-3
310
501
-83
145
221
298
238
-60
-510
-69
5
475
174
425
382
222
19
-79
338
18
-52
169
-39
240
-13
176
-307
-28
300
14
217
-6
218
67
-356
-187
330
54
-140
206
241
-230
100
-149
-445
-75
409
82
152
-426
-318
304
208
-367
-308
-69
363
263
137
28
-379
199
46
-214
-364
195
-199
-468
-201
-367
-183
-444
-471
-510
352
495
-89
184
58
-12
-236
-90
278
-139
-473
-340
275
56
181
193
13
-33
34
143
-187
146
151
-328
-154
347
124
181
7
-400
-221
-153
-398
-198
-248
-344
303
-34
-519
208
-113
-396
293
91
-360
346
-265
-330
-384
288
6
-399
74
-342
474
-59
-257
-139
113
-250
-837
-240
421
-679
603
283
356
-370
-170
241
-301
-342
-367
160
328
-103
-126
-57
-123
70
38
20
54
121
-44
89
61
-140
-174
431
-234
150
-18
-75
170
-753
85
-226
511
213
-174
-310
-242
-262
84
-279
212
358
-18
-161
-192
193
151
-48
-290
-2
-209
103
-61
-95
-211
-14
-43
82
-128
-93
-49
77
-134
70
216
-269
160
148
-242
-118
178
-431
-469
571
386
289
455
611
-415
71
-66
842
-562
-399
610
4
-488
144
233
-230
270
1
-129
-345
66
323
13
156
-337
-529
377
-79
-627
-422
220
24
-68
-261
413
146
140
-136
241
-425
-273
151
-99
220
349
-302
330
98
99
39
133
-43
-209
-20
-188
86
-30
-322
44
-277
-82
139
-125
-149
283
82
121
-62
-16
-50
107
160
94
-2
64
413
-261
-120
-151
220
-226
-221
-427
289
247
400
-580
152
526
368
-99
-409
-320
-305
-60
489
-330
395
325
-268
-32
-279
34
139
-249
643
-570
490
784
-154
-347
245
210
-341
69
-278
-699
-378
29
-608
-500
132
-280
397
-8
-187
-428
34
-441
374
-321
-312
-145
140
-300
-810
-72
254
655
-183
341
218
-427
-624
130
276
102
518
9
-330
260
-98
-38
120
153
184
193
-221
-223
-105
-180
-13
-163
292
-272
-203
-62
-152
147
261
257
-359
193
-331
68
383
231
203
-691
157
-245
-198
-479
-425
-190
719
129
-1144
-26
-140
-789
-595
-509
-1038
-288
54
294
549
-528
-832
-631
-725
64
-37
290
-305
568
-228
-310
145
-85
-104
-149
39
6
-93
209
188
-11
-234
-491
442
-397
363
111
-658
333
369
-487
345
227
82
-28
142
-147
74
-319
106
11
-134
-10
-200
-56
16
98
-44
-64
-79
196
-168
-228
119
-268
-299
259
373
449
-25
-223
269
-195
-241
262
366
1
237
-344
-729
270
560
137
284
-241
489
-84
896
-146
68
-123
-107
-424
305
5
397
-148
-305
-197
-211
360
-173
159
176
248
-57
164
-94
-164
121
128
169
-86
-215
-36
151
63
278
-468
-362
761
614
678
184
498
374
398
619
-169
536
572
549
555
118
-855
-548
224
254
224
329
220
-1
432
-464
535
-263
-132
-280
-448
8
-579
2
378
31
273
142
-226
-15
508
-48
222
-80
390
-86
223
60
-306
18
-182
132
-124
43
-51
169
35
11
238
-251
27
-37
-184
-153
200
137
-236
362
199
38
222
-337
105
-52
-348
194
80
468
-429
461
-152
-204
371
542
-69
389
190
592
-224
775
-124
-26
353
-497
-161
377
-218
-28
416
-102
15
-274
105
168
-26
-476
-144
406
37
-333
128
-543
60
27
64
244
-339
287
123
-214
-330
-182
60
-509
-139
-224
347
437
321
345
0
-323
-206
-289
-195
192
-170
713
292
-517
-385
-559
191
-371
425
-306
-363
268
9
492
280
49
190
-279
510
430
-335
191
242
-42
206
104
-306
-331
-396
201
27
375
237
340
66
77
-14
365
36
-25
281
-148
222
34
-190
-391
238
-31
-526
-380
-134
-224
748
245
-606
-467
196
-112
661
-317
308
618
-330
-414
-925
569
-431
-166
-457
-367
223
-301
99
-178
-29
214
-196
528
449
-267
-171
-669
400
-767
-670
257
-656
505
-375
704
-374
488
-22
-342
245
-157
32
-204
274
38
-127
3
-227
224
-257
194
-418
-397
205
-720
-385
265
-242
-388
2
-432
-249
6
-306
207
290
-96
92
134
-73
116
136
-256
183
-2
-116
-88
-154
-194
297
104
185
188
164
14
47
24
122
-82
-66
-93
-211
-143
327
-197
-136
478
-106
272
-77
-637
357
335
666
472
701
-552
388
-122
-216
516
-161
-425
-816
-689
-674
179
-466
295
203
-227
304
91
-173
-163
29
85
192
-279
133
73
190
229
160
330
351
68
86
-391
647
-472
-446
-405
-299
366
-312
-33
-439
412
-275
-367
-193
-79
319
254
-310
-455
75
77
-140
191
334
-56
224
-319
29
243
153
92
219
150
295
-35
153
198
-178
126
215
-20
116
153
110
348
137
563
185
276
-20
116
351
429
-208
-137
-346
242
234
170
-289
184
-406
12
132
238
-303
163
443
156
188
609
-263
743
506
755
-5
771
-427
-677
-817
-656
-288
-415
669
-569
607
-391
-856
-104
702
-80
-222
35
322
-543
307
216
-189
289
-266
423
-184
137
388
-377
141
527
6
-262
-279
396
235
154
-306
-255
181
165
-74
146
286
107
-60
-222
-31
-158
218
-340
108
-58
-180
-140
-314
-152
216
-187
617
171
508
-331
535
60
-332
-103
578
-1
-123
-120
-236
409
364
-355
105
619
-383
542
270
-449
-224
585
-318
-233
3
-599
-597
-598
-802
-409
5
642
207
-145
-325
-137
23
-84
-14
109
163
-189
-198
-103
285
-101
105
254
-630
-472
-33
-528
294
101
142
243
188
-98
-72
82
-9
-29
-16
97
-50
92
146
43
250
321
-221
-153
-262
-87
-244
-341
190
-304
338
-224
-86
261
-260
-307
-14
265
-196
259
-191
81
92
-247
269
-25
-190
109
229
-130
-210
81
-187
54
15
-4
-21
-74
81
-14
-83
-153
286
245
100
22
-233
-52
-69
97
-469
332
-454
458
486
-363
170
515
-54
-771
131
390
738
365
-1023
-187
-180
595
-548
295
-296
414
-235
-164
-585
-239
301
274
-594
68
175
-145
242
-290
-151
-35
229
8
-49
97
-51
-41
-41
65
164
-8
105
8
-147
108
66
-103
93
39
130
203
-52
-69
-95
-292
-192
-142
111
-469
-226
717
-224
-273
191
-267
-446
-593
168
-81
465
-282
-263
259
-82
233
291
-209
-73
-116
546
-206
458
-319
-15
372
-511
303
173
273
309
351
-122
41
516
248
152
-29
-338
259
376
355
-444
-440
-324
-323
667
424
102
-306
-216
517
-195
-332
-496
548
-454
134
488
-161
178
-144
550
46
301
-133
405
167
205
184
-19
-79
-18
110
-88
187
-144
-429
-53
131
80
220
-3
35
-400
-277
-255
351
313
425
-299
-356
684
-345
734
-631
-51
-159
423
603
-688
-72
-406
218
-420
-327
-454
254
-216
-320
-452
-15
131
-405
-287
350
-332
-299
452
-433
-453
225
182
474
-66
36
-179
-185
335
-19
121
-279
384
308
405
905
-18
874
73
-401
-60
51
77
-419
172
231
423
316
-315
-90
-84
44
323
-84
-74
-106
-224
158
162
-113
5
193
-173
67
91
-80
-129
249
-76
-290
213
147
-337
226
289
526
-301
-348
-664
-195
-240
260
165
-326
38
548
595
628
-58
560
-113
-207
-38
141
-124
-238
-492
-198
-9
331
-54
555
201
-155
-105
-207
389
103
-63
451
282
-40
449
393
311
252
-506
-236
-77
-291
168
357
259
194
-430
167
191
15
133
303
11
-67
-194
313
-224
12
-132
36
-197
-300
-138
116
53
329
-51
-229
-38
309
-71
35
-148
-139
26
272
-318
89
-48
16
330
-26
294
-319
106
-236
499
126
261
270
-134
-491
-555
-547
492
638
-235
-662
165
-675
503
306
-169
-659
547
-255
-567
185
1080
525
-435
-104
-515
536
-184
411
-457
-148
45
-206
141
-137
-201
-39
92
-214
47
-210
184
105
194
-87
219
-106
-115
42
246
-107
508
-25
94
-24
533
-236
-169
441
12
311
135
314
-252
-617
374
44
400
476
-425
410
-284
-470
131
-121
-560
98
-15
404
161
66
-510
534
447
-301
-639
-155
-65
-248
380
336
22
-209
-82
-212
39
-50
210
-155
244
427
-537
403
386
198
-597
-447
-280
-205
306
223
-98
-154
160
141
-31
40
146
94
-5
-66
63
111
157
232
-268
-150
-226
-154
-2
-284
134
-285
-377
480
26
-379
320
300
-377
-284
181
421
-15
-29
-137
88
204
114
364
83
404
-83
-359
-50
-265
-177
-238
-288
207
-118
229
15
630
-166
329
-252
-96
47
242
-212
-68
124
-153
1
11
-29
-112
82
-258
-227
218
-133
50
-353
-108
157
-196
41
12
-235
111
781
-505
-136
908
204
-103
631
200
709
-73
380
-85
-607
-310
304
-256
-719
-266
293
-359
-66
-566
-570
593
371
-390
-385
-502
-421
-350
-340
319
-233
635
282
-4
-233
-334
-2
-73
319
-60
32
-73
158
-101
49
-175
-109
-170
23
-218
-1
28
-125
-48
70
-120
31
237
-147
-89
