dl01_r1 = [76 + j*(100)
152 + j*(200)
232 + j*(304)
308 + j*(404)
388 + j*(508)
468 + j*(608)
380 + j*(516)
292 + j*(424)
208 + j*(332)
120 + j*(240)
36 + j*(148)
-48 + j*(60)
-72 + j*(172)
-96 + j*(288)
-116 + j*(404)
-140 + j*(520)
-160 + j*(636)
-184 + j*(752)
28 + j*(760)
236 + j*(768)
452 + j*(780)
660 + j*(788)
872 + j*(800)
1088 + j*(812)
908 + j*(640)
736 + j*(472)
560 + j*(300)
384 + j*(132)
208 + j*(-40)
36 + j*(-204)
68 + j*(-184)
104 + j*(-156)
136 + j*(-132)
172 + j*(-108)
204 + j*(-84)
240 + j*(-56)
236 + j*(-8)
236 + j*(40)
236 + j*(92)
232 + j*(140)
232 + j*(188)
232 + j*(240)
276 + j*(384)
324 + j*(532)
376 + j*(680)
424 + j*(828)
472 + j*(976)
524 + j*(1124)
568 + j*(992)
616 + j*(860)
660 + j*(732)
708 + j*(600)
752 + j*(468)
804 + j*(344)
656 + j*(304)
516 + j*(268)
368 + j*(232)
228 + j*(192)
84 + j*(156)
-60 + j*(120)
24 + j*(164)
108 + j*(212)
188 + j*(260)
276 + j*(308)
356 + j*(356)
444 + j*(404)
348 + j*(504)
260 + j*(608)
168 + j*(712)
80 + j*(816)
-16 + j*(920)
-104 + j*(1028)
-16 + j*(952)
80 + j*(880)
172 + j*(808)
264 + j*(736)
356 + j*(660)
452 + j*(592)
484 + j*(480)
516 + j*(372)
552 + j*(264)
584 + j*(152)
620 + j*(40)
660 + j*(-64)
632 + j*(-32)
604 + j*(4)
584 + j*(40)
556 + j*(72)
532 + j*(108)
512 + j*(148)
552 + j*(204)
600 + j*(268)
644 + j*(332)
688 + j*(392)
732 + j*(456)
780 + j*(520)
684 + j*(544)
592 + j*(568)
496 + j*(596)
404 + j*(620)
308 + j*(648)
216 + j*(676)
312 + j*(600)
408 + j*(524)
504 + j*(456)
600 + j*(380)
696 + j*(308)
796 + j*(240)
700 + j*(200)
612 + j*(164)
520 + j*(132)
432 + j*(96)
340 + j*(60)
252 + j*(28)
248 + j*(176)
248 + j*(324)
248 + j*(472)
248 + j*(620)
248 + j*(768)
248 + j*(920)
220 + j*(764)
188 + j*(612)
160 + j*(460)
128 + j*(304)
104 + j*(152)
76 + j*(4)
132 + j*(172)
184 + j*(348)
240 + j*(524)
300 + j*(700)
356 + j*(876)
412 + j*(1052)
368 + j*(980)
328 + j*(912)
284 + j*(840)
244 + j*(772)
204 + j*(700)
164 + j*(636)
212 + j*(708)
260 + j*(788)
308 + j*(860)
356 + j*(940)
404 + j*(1016)
456 + j*(1092)
360 + j*(968)
264 + j*(844)
168 + j*(720)
72 + j*(596)
-24 + j*(472)
-120 + j*(352)
-8 + j*(316)
104 + j*(284)
224 + j*(248)
336 + j*(212)
448 + j*(180)
680 + j*(116)
532 + j*(220)
380 + j*(324)
232 + j*(432)
80 + j*(536)
-68 + j*(644)
-216 + j*(752)
-148 + j*(740)
-80 + j*(728)
-12 + j*(720)
56 + j*(708)
124 + j*(700)
192 + j*(692)
188 + j*(700)
188 + j*(712)
188 + j*(724)
184 + j*(736)
184 + j*(744)
184 + j*(760)
260 + j*(728)
340 + j*(704)
424 + j*(676)
504 + j*(648)
584 + j*(620)
668 + j*(596)
656 + j*(600)
644 + j*(604)
636 + j*(608)
624 + j*(612)
616 + j*(616)
608 + j*(624)
496 + j*(640)
380 + j*(656)
268 + j*(676)
156 + j*(692)
44 + j*(708)
-68 + j*(728)
20 + j*(652)
112 + j*(580)
196 + j*(508)
288 + j*(432)
376 + j*(360)
468 + j*(292)
432 + j*(256)
400 + j*(228)
368 + j*(200)
336 + j*(172)
300 + j*(140)
272 + j*(112)
280 + j*(80)
292 + j*(56)
304 + j*(24)
312 + j*(-4)
324 + j*(-36)
336 + j*(-60)
492 + j*(-36)
652 + j*(-8)
812 + j*(16)
972 + j*(44)
1132 + j*(68)
1292 + j*(96)
1148 + j*(152)
1008 + j*(212)
864 + j*(272)
724 + j*(332)
580 + j*(392)
444 + j*(452)
408 + j*(516)
376 + j*(580)
344 + j*(648)
312 + j*(712)
276 + j*(780)
248 + j*(852)
292 + j*(812)
340 + j*(776)
388 + j*(744)
436 + j*(708)
484 + j*(676)
532 + j*(644)
612 + j*(736)
696 + j*(828)
776 + j*(920)
860 + j*(1012)
944 + j*(1104)
1028 + j*(1200)
848 + j*(1132)
668 + j*(1068)
488 + j*(1004)
312 + j*(936)
132 + j*(872)
-44 + j*(808)
-84 + j*(596)
-120 + j*(388)
-160 + j*(180)
-200 + j*(-28)
-236 + j*(-240)
-272 + j*(-444)
-176 + j*(-308)
-76 + j*(-164)
28 + j*(-24)
128 + j*(120)
228 + j*(260)
332 + j*(404)
256 + j*(576)
184 + j*(752)
108 + j*(928)
36 + j*(1100)
-40 + j*(1276)
-108 + j*(1456)
-88 + j*(1300)
-60 + j*(1148)
-32 + j*(1000)
-8 + j*(848)
16 + j*(696)
48 + j*(548)
84 + j*(500)
128 + j*(452)
176 + j*(404)
216 + j*(356)
260 + j*(308)
308 + j*(264)
288 + j*(220)
268 + j*(180)
252 + j*(140)
232 + j*(100)
212 + j*(56)
200 + j*(16)
200 + j*(84)
204 + j*(160)
212 + j*(232)
212 + j*(300)
220 + j*(372)
224 + j*(448)
252 + j*(576)
276 + j*(708)
304 + j*(840)
332 + j*(972)
360 + j*(1104)
388 + j*(1236)
344 + j*(1040)
304 + j*(840)
260 + j*(640)
220 + j*(444)
180 + j*(244)
140 + j*(48)
92 + j*(-152)
52 + j*(-352)
12 + j*(-548)
-32 + j*(-748)
-72 + j*(-948)
0 + j*(0)
0 + j*(0)
0 + j*(0)
0 + j*(0)
0 + j*(0)
0 + j*(0)
0 + j*(0)
0 + j*(0)
0 + j*(0)
0 + j*(0)
0 + j*(0)
0 + j*(0)
0 + j*(0)
0 + j*(0)
0 + j*(0)
0 + j*(0)
0 + j*(0)
0 + j*(0)
0 + j*(0)
0 + j*(0)
0 + j*(0)
0 + j*(0)
0 + j*(0)
0 + j*(0)
0 + j*(0)
0 + j*(0)
0 + j*(0)
0 + j*(0)
0 + j*(0)
0 + j*(0)
0 + j*(0)
0 + j*(0)
0 + j*(0)
0 + j*(0)
0 + j*(0)
0 + j*(0)
0 + j*(0)
0 + j*(0)
0 + j*(0)
0 + j*(0)
0 + j*(0)
0 + j*(0)
0 + j*(0)
0 + j*(0)
0 + j*(0)
0 + j*(0)
0 + j*(0)
0 + j*(0)
0 + j*(0)
0 + j*(0)
0 + j*(0)
0 + j*(0)
0 + j*(0)
0 + j*(0)
0 + j*(0)
0 + j*(0)
0 + j*(0)
0 + j*(0)
0 + j*(0)
0 + j*(0)
0 + j*(0)
0 + j*(0)
0 + j*(0)
0 + j*(0)
0 + j*(0)
0 + j*(0)
0 + j*(0)
0 + j*(0)
0 + j*(0)
0 + j*(0)
0 + j*(0)
0 + j*(0)
0 + j*(0)
0 + j*(0)
0 + j*(0)
0 + j*(0)
0 + j*(0)
0 + j*(0)
0 + j*(0)
0 + j*(0)
0 + j*(0)
0 + j*(0)
0 + j*(0)
0 + j*(0)
0 + j*(0)
0 + j*(0)
0 + j*(0)
0 + j*(0)
0 + j*(0)
0 + j*(0)
0 + j*(0)
0 + j*(0)
0 + j*(0)
0 + j*(0)
0 + j*(0)
0 + j*(0)
0 + j*(0)
0 + j*(0)
0 + j*(0)
0 + j*(0)
0 + j*(0)
0 + j*(0)
0 + j*(0)
0 + j*(0)
0 + j*(0)
0 + j*(0)
0 + j*(0)
0 + j*(0)
0 + j*(0)
0 + j*(0)
0 + j*(0)
0 + j*(0)
0 + j*(0)
0 + j*(0)
0 + j*(0)
0 + j*(0)
0 + j*(0)
0 + j*(0)
0 + j*(0)
0 + j*(0)
0 + j*(0)
0 + j*(0)
0 + j*(0)
0 + j*(0)
0 + j*(0)
0 + j*(0)
0 + j*(0)
0 + j*(0)
0 + j*(0)
0 + j*(0)
0 + j*(0)
0 + j*(0)
0 + j*(0)
0 + j*(0)
0 + j*(0)
0 + j*(0)
0 + j*(0)
0 + j*(0)
0 + j*(0)
0 + j*(0)
0 + j*(0)
0 + j*(0)
0 + j*(0)
0 + j*(0)
0 + j*(0)
0 + j*(0)
0 + j*(0)
0 + j*(0)
0 + j*(0)
0 + j*(0)
0 + j*(0)
0 + j*(0)
0 + j*(0)
0 + j*(0)
0 + j*(0)
0 + j*(0)
0 + j*(0)
0 + j*(0)
0 + j*(0)
0 + j*(0)
0 + j*(0)
0 + j*(0)
0 + j*(0)
0 + j*(0)
0 + j*(0)
0 + j*(0)
0 + j*(0)
0 + j*(0)
0 + j*(0)
0 + j*(0)
0 + j*(0)
0 + j*(0)
0 + j*(0)
0 + j*(0)
0 + j*(0)
0 + j*(0)
0 + j*(0)
0 + j*(0)
0 + j*(0)
0 + j*(0)
0 + j*(0)
0 + j*(0)
0 + j*(0)
0 + j*(0)
0 + j*(0)
0 + j*(0)
0 + j*(0)
0 + j*(0)
0 + j*(0)
0 + j*(0)
0 + j*(0)
0 + j*(0)
0 + j*(0)
0 + j*(0)
0 + j*(0)
0 + j*(0)
0 + j*(0)
0 + j*(0)
0 + j*(0)
0 + j*(0)
0 + j*(0)
0 + j*(0)
0 + j*(0)
0 + j*(0)
0 + j*(0)
0 + j*(0)
0 + j*(0)
56 + j*(74)
114 + j*(150)
174 + j*(228)
230 + j*(302)
290 + j*(380)
310 + j*(556)
254 + j*(498)
198 + j*(444)
146 + j*(388)
88 + j*(332)
34 + j*(276)
-18 + j*(222)
-28 + j*(320)
-36 + j*(420)
-42 + j*(520)
-60 + j*(578)
-74 + j*(634)
-90 + j*(692)
68 + j*(670)
226 + j*(646)
388 + j*(624)
528 + j*(640)
672 + j*(660)
818 + j*(678)
666 + j*(560)
522 + j*(444)
374 + j*(324)
290 + j*(204)
204 + j*(84)
122 + j*(-34)
192 + j*(-10)
268 + j*(16)
340 + j*(42)
324 + j*(54)
308 + j*(66)
298 + j*(82)
254 + j*(114)
214 + j*(144)
174 + j*(176)
190 + j*(204)
206 + j*(234)
224 + j*(266)
274 + j*(366)
326 + j*(468)
386 + j*(574)
412 + j*(686)
442 + j*(802)
472 + j*(918)
498 + j*(824)
528 + j*(728)
552 + j*(636)
582 + j*(538)
610 + j*(436)
644 + j*(344)
528 + j*(312)
416 + j*(284)
302 + j*(258)
218 + j*(236)
130 + j*(216)
44 + j*(198)
130 + j*(238)
214 + j*(282)
296 + j*(326)
340 + j*(342)
376 + j*(358)
420 + j*(372)
326 + j*(428)
238 + j*(486)
148 + j*(544)
114 + j*(640)
74 + j*(738)
40 + j*(838)
138 + j*(800)
242 + j*(766)
344 + j*(732)
386 + j*(718)
430 + j*(700)
478 + j*(690)
476 + j*(646)
474 + j*(604)
478 + j*(564)
502 + j*(450)
528 + j*(338)
560 + j*(232)
540 + j*(228)
518 + j*(226)
506 + j*(226)
456 + j*(238)
410 + j*(252)
368 + j*(270)
370 + j*(300)
380 + j*(338)
384 + j*(374)
454 + j*(418)
520 + j*(464)
592 + j*(510)
556 + j*(526)
522 + j*(544)
488 + j*(562)
424 + j*(558)
360 + j*(560)
300 + j*(560)
380 + j*(482)
460 + j*(404)
540 + j*(334)
586 + j*(292)
630 + j*(254)
676 + j*(222)
578 + j*(208)
484 + j*(198)
390 + j*(192)
338 + j*(156)
284 + j*(118)
234 + j*(86)
248 + j*(188)
262 + j*(288)
278 + j*(392)
264 + j*(530)
