dl00_r1 = [-36 + j*(144)
-68 + j*(288)
-100 + j*(432)
-132 + j*(576)
-168 + j*(720)
-200 + j*(864)
-76 + j*(736)
52 + j*(612)
180 + j*(488)
304 + j*(364)
432 + j*(240)
564 + j*(116)
524 + j*(184)
484 + j*(252)
448 + j*(320)
412 + j*(388)
376 + j*(460)
340 + j*(532)
260 + j*(564)
180 + j*(596)
96 + j*(632)
16 + j*(664)
-64 + j*(700)
-144 + j*(736)
-216 + j*(660)
-288 + j*(588)
-356 + j*(520)
-428 + j*(448)
-500 + j*(376)
-568 + j*(308)
-536 + j*(312)
-500 + j*(316)
-464 + j*(320)
-432 + j*(324)
-396 + j*(328)
-360 + j*(336)
-316 + j*(372)
-272 + j*(408)
-228 + j*(448)
-184 + j*(484)
-140 + j*(524)
-96 + j*(564)
-52 + j*(484)
-8 + j*(404)
36 + j*(328)
80 + j*(248)
128 + j*(172)
172 + j*(100)
108 + j*(52)
44 + j*(12)
-16 + j*(-32)
-80 + j*(-72)
-140 + j*(-116)
-200 + j*(-156)
-100 + j*(-128)
4 + j*(-96)
112 + j*(-64)
216 + j*(-32)
320 + j*(-4)
428 + j*(32)
416 + j*(132)
404 + j*(240)
392 + j*(348)
380 + j*(452)
372 + j*(560)
364 + j*(668)
312 + j*(556)
260 + j*(444)
212 + j*(332)
160 + j*(220)
112 + j*(108)
64 + j*(0)
172 + j*(0)
284 + j*(0)
400 + j*(0)
508 + j*(0)
620 + j*(0)
736 + j*(0)
688 + j*(192)
644 + j*(384)
604 + j*(576)
560 + j*(768)
516 + j*(960)
476 + j*(1152)
492 + j*(876)
512 + j*(604)
532 + j*(332)
548 + j*(56)
568 + j*(-216)
592 + j*(-488)
484 + j*(-264)
380 + j*(-36)
276 + j*(196)
172 + j*(424)
68 + j*(652)
-36 + j*(884)
12 + j*(804)
56 + j*(728)
100 + j*(652)
148 + j*(576)
192 + j*(496)
240 + j*(424)
212 + j*(416)
184 + j*(416)
160 + j*(412)
132 + j*(408)
108 + j*(404)
84 + j*(404)
140 + j*(368)
196 + j*(336)
256 + j*(304)
312 + j*(272)
372 + j*(240)
432 + j*(212)
340 + j*(220)
248 + j*(228)
156 + j*(236)
64 + j*(244)
-28 + j*(256)
-116 + j*(268)
-64 + j*(204)
-8 + j*(140)
48 + j*(80)
104 + j*(16)
160 + j*(-44)
216 + j*(-104)
172 + j*(88)
132 + j*(284)
92 + j*(484)
52 + j*(680)
8 + j*(876)
-32 + j*(1076)
76 + j*(896)
192 + j*(720)
304 + j*(544)
416 + j*(364)
528 + j*(188)
644 + j*(16)
472 + j*(-40)
304 + j*(-92)
136 + j*(-140)
-32 + j*(-192)
-204 + j*(-248)
-368 + j*(-296)
-308 + j*(-164)
-240 + j*(-24)
-176 + j*(112)
-116 + j*(248)
-52 + j*(384)
16 + j*(524)
76 + j*(452)
144 + j*(380)
204 + j*(312)
268 + j*(240)
336 + j*(168)
464 + j*(28)
384 + j*(132)
308 + j*(236)
232 + j*(336)
152 + j*(440)
76 + j*(544)
0 + j*(652)
120 + j*(552)
240 + j*(460)
364 + j*(368)
484 + j*(276)
608 + j*(180)
732 + j*(88)
640 + j*(104)
548 + j*(128)
460 + j*(148)
368 + j*(168)
280 + j*(184)
192 + j*(208)
248 + j*(164)
304 + j*(128)
364 + j*(88)
420 + j*(44)
480 + j*(4)
540 + j*(-32)
372 + j*(-16)
208 + j*(0)
48 + j*(20)
-116 + j*(40)
-276 + j*(56)
-436 + j*(76)
-388 + j*(84)
-336 + j*(92)
-284 + j*(100)
-232 + j*(108)
-180 + j*(120)
-124 + j*(132)
-64 + j*(80)
-4 + j*(32)
56 + j*(-16)
120 + j*(-64)
180 + j*(-112)
244 + j*(-156)
108 + j*(-80)
-24 + j*(0)
-160 + j*(80)
-292 + j*(160)
-424 + j*(240)
-556 + j*(320)
-428 + j*(388)
-300 + j*(452)
-172 + j*(524)
-44 + j*(588)
84 + j*(656)
216 + j*(728)
160 + j*(584)
108 + j*(448)
56 + j*(308)
4 + j*(168)
-48 + j*(32)
-100 + j*(-108)
-192 + j*(-4)
-284 + j*(100)
-376 + j*(200)
-468 + j*(308)
-560 + j*(408)
-644 + j*(516)
-512 + j*(476)
-372 + j*(440)
-232 + j*(400)
-92 + j*(364)
48 + j*(324)
188 + j*(288)
152 + j*(332)
120 + j*(380)
88 + j*(428)
56 + j*(476)
20 + j*(520)
-8 + j*(568)
56 + j*(588)
128 + j*(612)
196 + j*(632)
264 + j*(652)
332 + j*(672)
404 + j*(696)
376 + j*(600)
348 + j*(508)
320 + j*(412)
292 + j*(320)
264 + j*(224)
240 + j*(132)
228 + j*(132)
220 + j*(136)
208 + j*(136)
200 + j*(140)
192 + j*(140)
180 + j*(148)
244 + j*(164)
308 + j*(188)
372 + j*(212)
436 + j*(232)
500 + j*(256)
568 + j*(280)
476 + j*(260)
384 + j*(240)
300 + j*(228)
208 + j*(208)
116 + j*(192)
32 + j*(176)
184 + j*(232)
340 + j*(288)
496 + j*(348)
648 + j*(400)
804 + j*(460)
964 + j*(520)
740 + j*(552)
520 + j*(584)
300 + j*(624)
80 + j*(656)
-140 + j*(692)
-360 + j*(732)
-216 + j*(640)
-68 + j*(552)
76 + j*(468)
224 + j*(380)
372 + j*(296)
516 + j*(212)
444 + j*(104)
368 + j*(0)
292 + j*(-104)
220 + j*(-208)
144 + j*(-312)
72 + j*(-412)
60 + j*(-284)
48 + j*(-152)
40 + j*(-20)
28 + j*(112)
16 + j*(244)
8 + j*(380)
28 + j*(292)
56 + j*(208)
88 + j*(124)
108 + j*(40)
136 + j*(-44)
168 + j*(-124)
188 + j*(-208)
216 + j*(-292)
244 + j*(-376)
268 + j*(-460)
296 + j*(-544)
0 + j*(0)
0 + j*(0)
0 + j*(0)
0 + j*(0)
0 + j*(0)
0 + j*(0)
0 + j*(0)
0 + j*(0)
0 + j*(0)
0 + j*(0)
0 + j*(0)
0 + j*(0)
0 + j*(0)
0 + j*(0)
0 + j*(0)
0 + j*(0)
0 + j*(0)
0 + j*(0)
0 + j*(0)
0 + j*(0)
0 + j*(0)
0 + j*(0)
0 + j*(0)
0 + j*(0)
0 + j*(0)
0 + j*(0)
0 + j*(0)
0 + j*(0)
0 + j*(0)
0 + j*(0)
0 + j*(0)
0 + j*(0)
0 + j*(0)
0 + j*(0)
0 + j*(0)
0 + j*(0)
0 + j*(0)
0 + j*(0)
0 + j*(0)
0 + j*(0)
0 + j*(0)
0 + j*(0)
0 + j*(0)
0 + j*(0)
0 + j*(0)
0 + j*(0)
0 + j*(0)
0 + j*(0)
0 + j*(0)
0 + j*(0)
0 + j*(0)
0 + j*(0)
0 + j*(0)
0 + j*(0)
0 + j*(0)
0 + j*(0)
0 + j*(0)
0 + j*(0)
0 + j*(0)
0 + j*(0)
0 + j*(0)
0 + j*(0)
0 + j*(0)
0 + j*(0)
0 + j*(0)
0 + j*(0)
0 + j*(0)
0 + j*(0)
0 + j*(0)
0 + j*(0)
0 + j*(0)
0 + j*(0)
0 + j*(0)
0 + j*(0)
0 + j*(0)
0 + j*(0)
0 + j*(0)
0 + j*(0)
0 + j*(0)
0 + j*(0)
0 + j*(0)
0 + j*(0)
0 + j*(0)
0 + j*(0)
0 + j*(0)
0 + j*(0)
0 + j*(0)
0 + j*(0)
0 + j*(0)
0 + j*(0)
0 + j*(0)
0 + j*(0)
0 + j*(0)
0 + j*(0)
0 + j*(0)
0 + j*(0)
0 + j*(0)
0 + j*(0)
0 + j*(0)
0 + j*(0)
0 + j*(0)
0 + j*(0)
0 + j*(0)
0 + j*(0)
0 + j*(0)
0 + j*(0)
0 + j*(0)
0 + j*(0)
0 + j*(0)
0 + j*(0)
0 + j*(0)
0 + j*(0)
0 + j*(0)
0 + j*(0)
0 + j*(0)
0 + j*(0)
0 + j*(0)
0 + j*(0)
0 + j*(0)
0 + j*(0)
0 + j*(0)
0 + j*(0)
0 + j*(0)
0 + j*(0)
0 + j*(0)
0 + j*(0)
0 + j*(0)
0 + j*(0)
0 + j*(0)
0 + j*(0)
0 + j*(0)
0 + j*(0)
0 + j*(0)
0 + j*(0)
0 + j*(0)
0 + j*(0)
0 + j*(0)
0 + j*(0)
0 + j*(0)
0 + j*(0)
0 + j*(0)
0 + j*(0)
0 + j*(0)
0 + j*(0)
0 + j*(0)
0 + j*(0)
0 + j*(0)
0 + j*(0)
0 + j*(0)
0 + j*(0)
0 + j*(0)
0 + j*(0)
0 + j*(0)
0 + j*(0)
0 + j*(0)
0 + j*(0)
0 + j*(0)
0 + j*(0)
0 + j*(0)
0 + j*(0)
0 + j*(0)
0 + j*(0)
0 + j*(0)
0 + j*(0)
0 + j*(0)
0 + j*(0)
0 + j*(0)
0 + j*(0)
0 + j*(0)
0 + j*(0)
0 + j*(0)
0 + j*(0)
0 + j*(0)
0 + j*(0)
0 + j*(0)
0 + j*(0)
0 + j*(0)
0 + j*(0)
0 + j*(0)
0 + j*(0)
0 + j*(0)
0 + j*(0)
0 + j*(0)
0 + j*(0)
0 + j*(0)
0 + j*(0)
0 + j*(0)
0 + j*(0)
0 + j*(0)
0 + j*(0)
0 + j*(0)
0 + j*(0)
0 + j*(0)
0 + j*(0)
0 + j*(0)
0 + j*(0)
0 + j*(0)
0 + j*(0)
0 + j*(0)
0 + j*(0)
0 + j*(0)
0 + j*(0)
0 + j*(0)
0 + j*(0)
0 + j*(0)
0 + j*(0)
0 + j*(0)
-28 + j*(108)
-52 + j*(216)
-76 + j*(324)
-100 + j*(432)
-126 + j*(540)
-62 + j*(396)
22 + j*(354)
108 + j*(312)
198 + j*(274)
282 + j*(234)
370 + j*(194)
460 + j*(154)
422 + j*(258)
382 + j*(362)
348 + j*(468)
322 + j*(484)
300 + j*(504)
274 + j*(526)
216 + j*(516)
160 + j*(508)
100 + j*(502)
38 + j*(502)
-24 + j*(504)
-84 + j*(508)
-140 + j*(426)
-196 + j*(346)
-248 + j*(274)
-280 + j*(230)
-312 + j*(186)
-338 + j*(146)
-292 + j*(160)
-244 + j*(172)
-192 + j*(188)
-136 + j*(230)
-76 + j*(278)
-14 + j*(326)
52 + j*(394)
118 + j*(464)
184 + j*(536)
172 + j*(546)
160 + j*(560)
148 + j*(574)
134 + j*(500)
124 + j*(424)
110 + j*(352)
136 + j*(312)
162 + j*(272)
184 + j*(238)
128 + j*(220)
70 + j*(210)
18 + j*(198)
-58 + j*(144)
-132 + j*(88)
-204 + j*(36)
-158 + j*(36)
-106 + j*(38)
-52 + j*(40)
44 + j*(68)
142 + j*(90)
242 + j*(122)
252 + j*(200)
262 + j*(284)
274 + j*(368)
282 + j*(436)
294 + j*(508)
306 + j*(576)
286 + j*(482)
266 + j*(388)
248 + j*(294)
232 + j*(246)
216 + j*(198)
202 + j*(156)
304 + j*(192)
408 + j*(230)
518 + j*(266)
578 + j*(242)
642 + j*(218)
710 + j*(192)
656 + j*(312)
602 + j*(432)
552 + j*(552)
560 + j*(674)
566 + j*(798)
576 + j*(922)
628 + j*(694)
684 + j*(470)
740 + j*(246)
678 + j*(50)
622 + j*(-142)
568 + j*(-336)
414 + j*(-156)
264 + j*(24)
114 + j*(210)
32 + j*(400)
-48 + j*(586)
-128 + j*(778)
-94 + j*(734)
-62 + j*(696)
-32 + j*(656)
30 + j*(598)
90 + j*(534)
154 + j*(476)
158 + j*(468)
164 + j*(466)
174 + j*(458)
148 + j*(428)
126 + j*(396)
108 + j*(368)
146 + j*(314)
186 + j*(262)
230 + j*(212)
266 + j*(224)
302 + j*(236)
344 + j*(252)
266 + j*(294)
194 + j*(338)
118 + j*(382)
58 + j*(366)
