dl00_r0 = [-164 + j*(-12)
-324 + j*(-24)
-488 + j*(-36)
-648 + j*(-48)
-812 + j*(-60)
-972 + j*(-68)
-960 + j*(16)
-940 + j*(108)
-924 + j*(200)
-908 + j*(292)
-892 + j*(384)
-872 + j*(476)
-896 + j*(436)
-916 + j*(396)
-932 + j*(360)
-952 + j*(320)
-976 + j*(284)
-992 + j*(248)
-960 + j*(368)
-924 + j*(488)
-892 + j*(612)
-860 + j*(728)
-828 + j*(852)
-792 + j*(976)
-680 + j*(988)
-568 + j*(1004)
-456 + j*(1028)
-344 + j*(1040)
-232 + j*(1056)
-116 + j*(1080)
-296 + j*(932)
-472 + j*(788)
-648 + j*(652)
-824 + j*(504)
-1000 + j*(364)
-1176 + j*(224)
-1128 + j*(308)
-1080 + j*(388)
-1032 + j*(472)
-984 + j*(552)
-932 + j*(640)
-884 + j*(724)
-956 + j*(672)
-1028 + j*(616)
-1100 + j*(564)
-1168 + j*(512)
-1240 + j*(460)
-1308 + j*(408)
-1348 + j*(428)
-1384 + j*(452)
-1420 + j*(472)
-1456 + j*(496)
-1496 + j*(520)
-1528 + j*(540)
-1436 + j*(572)
-1336 + j*(604)
-1236 + j*(636)
-1140 + j*(668)
-1040 + j*(700)
-940 + j*(736)
-900 + j*(676)
-860 + j*(616)
-820 + j*(564)
-780 + j*(504)
-740 + j*(444)
-696 + j*(392)
-792 + j*(420)
-888 + j*(456)
-984 + j*(492)
-1080 + j*(524)
-1176 + j*(560)
-1272 + j*(596)
-1224 + j*(548)
-1176 + j*(500)
-1128 + j*(456)
-1080 + j*(408)
-1032 + j*(360)
-984 + j*(320)
-1024 + j*(296)
-1064 + j*(276)
-1100 + j*(260)
-1140 + j*(236)
-1180 + j*(216)
-1216 + j*(200)
-1100 + j*(188)
-976 + j*(180)
-852 + j*(176)
-732 + j*(164)
-608 + j*(156)
-484 + j*(152)
-628 + j*(140)
-768 + j*(132)
-912 + j*(124)
-1052 + j*(112)
-1196 + j*(104)
-1332 + j*(96)
-1184 + j*(104)
-1028 + j*(116)
-880 + j*(128)
-724 + j*(140)
-576 + j*(152)
-420 + j*(164)
-436 + j*(148)
-444 + j*(132)
-456 + j*(120)
-464 + j*(104)
-480 + j*(88)
-488 + j*(80)
-424 + j*(112)
-352 + j*(152)
-284 + j*(192)
-216 + j*(228)
-148 + j*(268)
-76 + j*(308)
-168 + j*(264)
-260 + j*(224)
-348 + j*(184)
-440 + j*(144)
-532 + j*(100)
-616 + j*(64)
-604 + j*(108)
-584 + j*(156)
-568 + j*(200)
-552 + j*(244)
-536 + j*(288)
-516 + j*(340)
-636 + j*(408)
-748 + j*(480)
-868 + j*(552)
-980 + j*(624)
-1100 + j*(700)
-1212 + j*(772)
-1120 + j*(804)
-1024 + j*(836)
-932 + j*(872)
-832 + j*(908)
-740 + j*(944)
-644 + j*(980)
-780 + j*(872)
-912 + j*(764)
-1048 + j*(660)
-1184 + j*(552)
-1316 + j*(444)
-1448 + j*(344)
-1360 + j*(360)
-1268 + j*(380)
-1176 + j*(400)
-1084 + j*(420)
-996 + j*(440)
-900 + j*(460)
-860 + j*(488)
-816 + j*(512)
-776 + j*(540)
-732 + j*(564)
-688 + j*(592)
-600 + j*(644)
-604 + j*(684)
-604 + j*(728)
-604 + j*(772)
-604 + j*(816)
-608 + j*(860)
-608 + j*(908)
-704 + j*(724)
-792 + j*(544)
-888 + j*(364)
-980 + j*(184)
-1076 + j*(4)
-1164 + j*(-172)
-1016 + j*(-92)
-860 + j*(-12)
-708 + j*(68)
-552 + j*(148)
-400 + j*(232)
-244 + j*(316)
-92 + j*(264)
60 + j*(208)
212 + j*(156)
364 + j*(104)
516 + j*(52)
672 + j*(0)
448 + j*(140)
224 + j*(284)
4 + j*(424)
-220 + j*(568)
-444 + j*(708)
-664 + j*(852)
-648 + j*(768)
-624 + j*(692)
-600 + j*(612)
-580 + j*(536)
-556 + j*(456)
-532 + j*(380)
-524 + j*(340)
-512 + j*(300)
-500 + j*(264)
-488 + j*(224)
-476 + j*(188)
-460 + j*(156)
-408 + j*(172)
-356 + j*(192)
-300 + j*(216)
-248 + j*(232)
-192 + j*(256)
-136 + j*(280)
-368 + j*(352)
-600 + j*(428)
-828 + j*(508)
-1060 + j*(584)
-1292 + j*(660)
-1520 + j*(740)
-1320 + j*(736)
-1116 + j*(732)
-916 + j*(728)
-716 + j*(724)
-516 + j*(724)
-312 + j*(724)
-444 + j*(608)
-572 + j*(488)
-704 + j*(372)
-832 + j*(256)
-964 + j*(140)
-1092 + j*(24)
-1100 + j*(112)
-1100 + j*(200)
-1108 + j*(292)
-1108 + j*(380)
-1116 + j*(472)
-1116 + j*(560)
-952 + j*(552)
-780 + j*(544)
-612 + j*(536)
-440 + j*(528)
-272 + j*(520)
-100 + j*(516)
-132 + j*(540)
-160 + j*(572)
-188 + j*(600)
-216 + j*(632)
-244 + j*(660)
-268 + j*(692)
-332 + j*(572)
-392 + j*(456)
-452 + j*(340)
-512 + j*(224)
-572 + j*(108)
-628 + j*(-4)
-724 + j*(184)
-816 + j*(376)
-908 + j*(568)
-1000 + j*(760)
-1096 + j*(948)
-1184 + j*(1144)
-1184 + j*(984)
-1180 + j*(832)
-1176 + j*(676)
-1176 + j*(516)
-1172 + j*(360)
-1168 + j*(208)
-1104 + j*(288)
-1044 + j*(368)
-976 + j*(456)
-916 + j*(536)
-848 + j*(616)
-784 + j*(704)
-848 + j*(576)
-916 + j*(452)
-980 + j*(328)
-1048 + j*(200)
-1112 + j*(76)
-1176 + j*(-48)
-1084 + j*(180)
-988 + j*(408)
-896 + j*(640)
-800 + j*(868)
-704 + j*(1100)
-612 + j*(1332)
-576 + j*(1252)
-540 + j*(1172)
-504 + j*(1100)
-464 + j*(1020)
-428 + j*(948)
-388 + j*(876)
-408 + j*(720)
-424 + j*(564)
-440 + j*(412)
-460 + j*(256)
-476 + j*(108)
-488 + j*(-44)
-536 + j*(52)
-584 + j*(144)
-624 + j*(244)
-672 + j*(340)
-716 + j*(440)
-760 + j*(540)
-852 + j*(408)
-948 + j*(280)
-1040 + j*(152)
-1136 + j*(24)
-1228 + j*(-104)
-1316 + j*(-228)
-1412 + j*(-360)
-1504 + j*(-484)
-1600 + j*(-616)
-1692 + j*(-740)
-1788 + j*(-872)
0 + j*(0)
0 + j*(0)
0 + j*(0)
0 + j*(0)
0 + j*(0)
0 + j*(0)
0 + j*(0)
0 + j*(0)
0 + j*(0)
0 + j*(0)
0 + j*(0)
0 + j*(0)
0 + j*(0)
0 + j*(0)
0 + j*(0)
0 + j*(0)
0 + j*(0)
0 + j*(0)
0 + j*(0)
0 + j*(0)
0 + j*(0)
0 + j*(0)
0 + j*(0)
0 + j*(0)
0 + j*(0)
0 + j*(0)
0 + j*(0)
0 + j*(0)
0 + j*(0)
0 + j*(0)
0 + j*(0)
0 + j*(0)
0 + j*(0)
0 + j*(0)
0 + j*(0)
0 + j*(0)
0 + j*(0)
0 + j*(0)
0 + j*(0)
0 + j*(0)
0 + j*(0)
0 + j*(0)
0 + j*(0)
0 + j*(0)
0 + j*(0)
0 + j*(0)
0 + j*(0)
0 + j*(0)
0 + j*(0)
0 + j*(0)
0 + j*(0)
0 + j*(0)
0 + j*(0)
0 + j*(0)
0 + j*(0)
0 + j*(0)
0 + j*(0)
0 + j*(0)
0 + j*(0)
0 + j*(0)
0 + j*(0)
0 + j*(0)
0 + j*(0)
0 + j*(0)
0 + j*(0)
0 + j*(0)
0 + j*(0)
0 + j*(0)
0 + j*(0)
0 + j*(0)
0 + j*(0)
0 + j*(0)
0 + j*(0)
0 + j*(0)
0 + j*(0)
0 + j*(0)
0 + j*(0)
0 + j*(0)
0 + j*(0)
0 + j*(0)
0 + j*(0)
0 + j*(0)
0 + j*(0)
0 + j*(0)
0 + j*(0)
0 + j*(0)
0 + j*(0)
0 + j*(0)
0 + j*(0)
0 + j*(0)
0 + j*(0)
0 + j*(0)
0 + j*(0)
0 + j*(0)
0 + j*(0)
0 + j*(0)
0 + j*(0)
0 + j*(0)
0 + j*(0)
0 + j*(0)
0 + j*(0)
0 + j*(0)
0 + j*(0)
0 + j*(0)
0 + j*(0)
0 + j*(0)
0 + j*(0)
0 + j*(0)
0 + j*(0)
0 + j*(0)
0 + j*(0)
0 + j*(0)
0 + j*(0)
0 + j*(0)
0 + j*(0)
0 + j*(0)
0 + j*(0)
0 + j*(0)
0 + j*(0)
0 + j*(0)
0 + j*(0)
0 + j*(0)
0 + j*(0)
0 + j*(0)
0 + j*(0)
0 + j*(0)
0 + j*(0)
0 + j*(0)
0 + j*(0)
0 + j*(0)
0 + j*(0)
0 + j*(0)
0 + j*(0)
0 + j*(0)
0 + j*(0)
0 + j*(0)
0 + j*(0)
0 + j*(0)
0 + j*(0)
0 + j*(0)
0 + j*(0)
0 + j*(0)
0 + j*(0)
0 + j*(0)
0 + j*(0)
0 + j*(0)
0 + j*(0)
0 + j*(0)
0 + j*(0)
0 + j*(0)
0 + j*(0)
0 + j*(0)
0 + j*(0)
0 + j*(0)
0 + j*(0)
0 + j*(0)
0 + j*(0)
0 + j*(0)
0 + j*(0)
0 + j*(0)
0 + j*(0)
0 + j*(0)
0 + j*(0)
0 + j*(0)
0 + j*(0)
0 + j*(0)
0 + j*(0)
0 + j*(0)
0 + j*(0)
0 + j*(0)
0 + j*(0)
0 + j*(0)
0 + j*(0)
0 + j*(0)
0 + j*(0)
0 + j*(0)
0 + j*(0)
0 + j*(0)
0 + j*(0)
0 + j*(0)
0 + j*(0)
0 + j*(0)
0 + j*(0)
0 + j*(0)
0 + j*(0)
0 + j*(0)
0 + j*(0)
0 + j*(0)
0 + j*(0)
0 + j*(0)
0 + j*(0)
0 + j*(0)
0 + j*(0)
0 + j*(0)
0 + j*(0)
0 + j*(0)
0 + j*(0)
0 + j*(0)
0 + j*(0)
0 + j*(0)
0 + j*(0)
0 + j*(0)
0 + j*(0)
0 + j*(0)
0 + j*(0)
0 + j*(0)
0 + j*(0)
-124 + j*(-10)
-244 + j*(-18)
-366 + j*(-28)
-486 + j*(-36)
-610 + j*(-46)
-1260 + j*(50)
-1192 + j*(106)
-1120 + j*(168)
-1048 + j*(230)
-978 + j*(290)
-908 + j*(352)
-834 + j*(412)
-792 + j*(374)
-750 + j*(338)
-704 + j*(304)
-770 + j*(292)
-838 + j*(284)
-902 + j*(276)
-930 + j*(384)
-956 + j*(494)
-982 + j*(604)
-910 + j*(664)
-836 + j*(726)
-758 + j*(792)
-626 + j*(770)
-492 + j*(754)
-358 + j*(744)
-290 + j*(768)
-218 + j*(796)
-146 + j*(830)
-294 + j*(734)
-438 + j*(642)
-584 + j*(556)
-736 + j*(446)
-888 + j*(342)
-1038 + j*(238)
-1022 + j*(300)
-1006 + j*(362)
-988 + j*(426)
-954 + j*(496)
-916 + j*(570)
-882 + j*(640)
-936 + j*(612)
-992 + j*(580)
-1046 + j*(548)
-1068 + j*(526)
-1092 + j*(500)
-1116 + j*(480)
-1118 + j*(508)
-1116 + j*(542)
-1114 + j*(576)
-1122 + j*(518)
-1132 + j*(462)
-1136 + j*(404)
-1050 + j*(352)
-954 + j*(302)
-860 + j*(254)
-850 + j*(328)
-836 + j*(404)
-824 + j*(484)
-856 + j*(488)
-888 + j*(496)
-920 + j*(508)
-902 + j*(436)
-886 + j*(364)
-866 + j*(302)
-952 + j*(294)
-1036 + j*(298)
-1122 + j*(298)
-1178 + j*(350)
-1234 + j*(408)
-1290 + j*(462)
-1238 + j*(456)
-1186 + j*(448)
-1134 + j*(446)
-1082 + j*(392)
-1028 + j*(338)
-976 + j*(290)
-988 + j*(254)
-1000 + j*(220)
-1012 + j*(190)
-1018 + j*(174)
