dl0_r2_llr = [-146
-76
97
203
-55
114
78
-52
40
-47
-74
163
-137
-210
-163
78
-43
-269
-187
-56
-121
163
-296
-120
193
-226
-29
202
3
77
134
-126
-88
60
-54
20
13
-54
30
53
-13
30
12
-58
-30
-9
75
69
-173
150
82
41
174
198
68
200
-110
120
-129
-123
81
-24
49
92
-5
-61
116
143
-58
20
100
43
95
103
78
-190
93
-249
38
-93
-85
41
27
52
132
-147
147
174
100
154
-246
138
-44
-99
-199
-75
-92
77
21
-5
53
11
-61
-56
9
-15
166
98
-42
-18
-29
-54
-14
54
22
-65
89
115
95
29
110
25
-231
-30
171
-71
123
64
-180
119
2
-380
-52
16
192
-87
-24
-72
-99
-106
-23
86
40
-10
-88
33
-57
-10
132
-10
80
131
79
17
211
259
267
-113
116
55
-333
6
50
1
84
138
-78
-66
-195
83
12
79
60
-6
12
-44
-91
157
1
-92
24
297
-62
245
-146
79
-26
-15
206
-66
-197
9
-151
-122
104
150
-99
403
-179
22
-45
-123
113
-21
-84
170
137
90
-96
16
5
-9
-34
-68
53
6
69
9
41
15
-15
-58
-23
-3
137
29
-116
92
131
-121
-40
87
25
-108
169
-36
65
-108
122
48
-7
58
103
-75
-139
-69
-131
-98
24
26
-147
172
-30
225
134
156
-82
86
-59
-104
43
-17
94
-37
54
-60
-58
-35
-55
-33
-146
18
52
27
-144
-34
-136
181
-85
-64
43
-181
89
227
-90
24
-277
-28
-172
-152
-20
-198
93
-173
62
208
-250
-184
-54
2
-157
-100
254
-234
137
58
-179
81
-148
-137
171
-3
42
-104
-38
-125
-90
62
97
-90
-225
-80
-134
350
162
-35
-77
214
-165
-153
-112
86
-222
-136
102
-130
-136
-45
-36
165
154
32
-191
31
-135
-47
-212
-121
190
-284
-228
0
8
-81
101
113
-127
-92
-140
6
15
14
37
79
112
70
-117
-84
-171
175
-15
-136
-170
-82
194
-45
-148
127
133
236
97
-47
-32
82
63
-11
103
-279
70
141
26
166
102
48
-133
110
-102
134
-57
160
49
4
125
48
-164
-104
73
77
99
-15
-87
-160
-78
-46
-120
129
-21
-121
59
-43
189
5
92
90
6
185
-104
17
42
-76
-74
-74
5
-84
157
31
-239
-125
-101
-116
-176
-92
-175
-65
-218
336
-155
-181
-27
54
-140
129
66
-165
174
-107
75
28
-32
44
-96
66
-94
130
99
100
-106
-11
86
-117
160
67
-80
101
-89
-127
228
41
-175
-126
-114
130
-113
-115
34
152
-38
-17
-71
0
-13
64
0
48
-35
-1
-89
0
-26
51
22
-158
-145
-27
50
-183
-80
9
153
39
-136
-171
-156
-116
-67
-25
-5
49
-53
140
-91
-126
4
75
169
27
229
93
44
-83
-58
-47
-157
-46
89
-123
-82
-44
-10
52
26
106
-5
-113
109
-56
-80
31
-54
87
-20
-177
-81
-149
-8
84
112
-15
-68
2
-20
36
-125
-161
-20
142
38
115
101
-76
33
137
-54
185
90
-93
-29
-183
-71
52
-14
84
120
172
18
-228
-60
-50
1
51
81
-96
31
-101
38
90
-78
-183
-118
-42
208
-113
121
56
-52
-56
79
106
-126
-191
-36
-31
-143
-189
-77
125
17
30
16
143
183
-51
209
158
-103
211
171
74
92
-20
-112
-305
106
-76
-59
30
27
59
-30
-85
-75
-72
-66
0
189
105
58
-110
-105
34
-104
21
39
78
172
-51
29
-105
-81
-119
-116
59
-103
-57
-53
121
59
-24
-99
-103
24
-137
-74
105
132
-35
-147
-4
124
-196
-79
119
17
-54
-71
-147
51
169
-69
114
-80
78
-50
-79
66
-85
133
16
-98
51
-266
97
63
-44
34
-25
-54
153
116
-42
-13
15
-29
119
-12
-45
-36
-57
2
-118
16
-103
-74
-42
137
-113
122
185
-138
47
-139
62
7
-131
234
-115
41
-139
105
-79
-116
-53
135
80
-43
60
-123
-63
-52
-130
12
-112
159
204
-5
49
-81
263
31
185
-66
79
100
-37
156
-90
-80
-97
81
39
-126
58
52
66
-113
-172
66
-83
144
97
-54
-103
134
13
-92
130
119
-202
122
123
8
169
118
35
-58
-79
-102
-96
-205
-29
-83
-150
-70
169
113
33
182
91
-139
26
-76
146
41
6
21
4
-44
-40
23
-29
87
-55
89
-25
45
40
1
-35
-19
72
40
49
-150
-143
133
40
119
153
-43
133
-108
-97
-108
101
-157
-22
-135
-67
-13
-21
42
77
-98
44
41
48
-31
95
2
-46
-19
127
-15
32
-10
-15
49
117
80
95
55
96
109
-38
30
-95
74
-35
-46
-89
-67
28
114
47
-17
36
190
188
13
54
-69
-24
8
-111
-34
151
273
82
-21
120
-122
-34
-86
-322
166
-29
176
156
-139
-101
-132
1
121
-38
124
37
149
-31
108
79
158
-92
94
242
74
-157
102
159
-200
-106
-124
-39
-16
79
33
-259
99
46
-145
-64
-268
-36
-141
105
102
35
58
-228
-150
146
25
-131
-73
-79
-42
-96
47
-51
-131
132
-129
39
38
-21
37
2
-45
35
-48
89
30
-135
-138
133
1
16
-169
132
100
-80
10
-41
-17
-282
-129
-63
2
-234
-15
-33
48
-63
91
33
-42
9
-25
37
-147
-59
-43
-76
187
-84
-142
7
-19
-135
28
-4
28
32
-18
-129
-59
-6
-19
-80
-127
-84
-100
-134
65
-103
121
-134
21
-136
-3
153
86
-20
-2
121
23
-19
53
187
-192
66
35
40
-113
-110
9
160
-207
-97
13
115
-57
-171
-163
84
-12
-114
-143
-43
-125
-112
-9
18
40
-100
-2
-30
-4
41
1
-27
215
-38
54
175
-140
20
9
134
-168
-76
152
-86
-45
-16
69
123
-136
22
24
117
-47
-1
130
18
-80
-56
24
136
144
-85
-136
-77
-180
135
-212
-230
34
128
-170
32
127
72
212
-131
47
45
-29
-165
82
-119
-29
-212
-11
75
123
172
51
45
81
101
-12
22
-52
15
-49
-106
-52
-12
-11
57
-157
-29
-47
95
34
-70
-198
-6
219
76
115
213
27
77
11
-87
-98
2
-74
-29
46
135
139
-23
-54
61
32
-87
-110
101
-91
-112
-161
38
215
-62
-73
153
-67
-26
-5
25
144
-127
-6
114
47
-75
-52
-116
-198
-12
-61
-81
17
71
214
75
-55
56
0
-16
-48
-27
40
62
119
-151
166
59
154
-35
-9
-180
-84
91
-36
-116
41
-44
-45
-169
129
91
74
62
277
96
-178
166
-27
124
-37
27
87
-25
28
24
-83
107
-31
87
-27
-91
-166
18
193
-54
145
-41
-187
-74
34
-18
-72
96
-94
2
43
36
102
0
65
163
-5
-93
76
57
153
-62
49
13
7
-24
-33
-174
-77
74
8
42
-31
-157
52
113
-67
73
141
83
126
87
-83
99
130
-7
-177
-36
-200
198
-95
-10
-94
-109
-50
-289
-198
-5
10
-54
-73
-165
79
-56
-146
-25
-119
52
14
28
-130
-55
30
69
35
-112
-114
-38
13
-71
-13
34
-105
-1
-25
76
-162
-15
-45
49
-79
164
-50
54
-33
10
145
-120
178
19
-180
193
222
-52
-123
-19
126
44
197
107
46
-94
78
-14
172
-105
-56
177
125
-176
-50
-117
58
-164
-138
-44
131
-4
116
111
83
-70
33
-206
47
93
-26
-141
-177
-172
-38
142
-4
-17
-36
111
-36
132
-173
141
286
-218
-127
-27
-79
69
20
95
-77
-115
-98
-79
-14
-19
-119
232
38
-50
-97
144
79
90
0
-89
142
-58
-1
-159
40
-65
-69
68
119
27
-20
-79
284
-14
-87
120
-5
-42
87
195
169
36
99
156
-33
78
45
100
56
106
92
175
147
12
119
20
-20
-38
51
-174
142
-202
-25
-73
-24
-4
-79
57
-125
109
-70
49
-39
-24
-22
148
92
-99
134
71
48
20
117
-75
88
-98
-83
-77
35
39
-149
-65
11
238
79
-9
-72
-149
260
-153
-173
-225
-111
-41
-122
-145
56
-211
23
163
100
112
123
-132
-9
50
58
149
-78
31
-136
160
-52
-107
-123
-37
-146
-145
-226
-148
-130
24
102
-65
183
114
-185
20
-46
304
3
-101
-111
190
37
263
-43
118
17
173
-179
15
11
-61
143
-159
57
35
38
93
104
-176
44
13
64
-20
-13
-84
-50
-179
62
-185
-80
43
189
-22
-67
151
21
163
-96
-84
-39
91
40
-55
33
21
22
34
-5
-28
-7
-25
2
-51
75
-30
-39
-86
-17
51
99
-93
40
43
-52
129
98
-81
-124
-76
-24
-138
17
-94
-14
-120
36
-131
-33
126
-84
170
22
-88
-157
-73
-73
18
43
6
40
92
155
108
103
-44
-27
-161
99
-51
29
-224
-162
-77
101
2
-26
-50
104
85
83
30
-1
-33
-19
101
-91
86
-57
3
43
19
120
50
-34
89
165
41
122
-27
233
-135
172
-25
-127
92
-106
-13
84
107
99
30
-27
-10
72
163
-72
-53
-101
-222
-126
16
123
9
-2
-77
-15
-19
0
-62
95
162
107
103
-14
158
177
-334
335
66
-27
-43
128
162
72
-202
241
39
60
-119
-52
-73
77
229
-87
57
-7
47
101
-112
-132
72
13
-61
-64
-111
57
-101
-111
-144
-38
53
20
80
59
3
62
95
-18
31
5
91
128
39
115
9
-59
-159
-5
-134
-4
0
-59
-8
-244
131
308
-197
-74
124
73
-127
144
-123
-36
144
97
-1
-68
-179
137
45
56
70
-49
31
-121
-73
-125
199
-11
258
212
-268
0
-41
-54
-56
79
-3
72
-23
85
68
-79
70
52
113
122
229
59
-32
-95
33
144
-118
152
-5
136
143
-60
-55
49
-50
-2
30
25
77
23
58
-92
-118
121
-66
31
113
190
-15
44
228
-55
-115
-146
15
-64
-19
177
-22
-138
180
-48
35
-223
-24
-102
-53
-195
88
-105
105
-251
-89
144
-79
122
-45
-12
105
75
77
-93
54
7
53
-155
53
-203
27
-72
-72
59
-25
55
-110
-2
68
46
15
-184
-105
-46
-61
103
-99
-201
-63
-127
13
-96
-196
-74
-346
1
-80
33
51
-364
-133
9
27
192
-145
-168
80
-63
-44
-131
-133
110
-105
234
-218
98
186
73
-379
36
-267
200
-19
84
-26
-10
10
139
120
-114
108
42
101
14
-56
-55
-147
115
-23
-8
-37
-178
71
-39
-106
133
171
110
-138
86
101
120
-195
-58
-53
176
-16
69
216
55
-10
-209
63
87
-39
-124
-63
-204
-160
47
-34
-9
98
20
-58
8
45
-20
62
34
-63
-41
-16
-57
-100
-115
111
-179
-213
-195
48
5
245
-108
282
94
-15
11
169
-171
51
99
94
18
-289
123
-24
168
-40
54
-260
65
-72
22
116
-23
85
-19
125
-151
-52
46
-54
6
-22
53
143
-79
87
43
169
-338
-67
224
-3
-13
97
-25
32
91
-269
-156
147
176
-219
107
170
-23
-178
80
97
-53
109
60
84
160
-118
91
101
-6
-98
-83
7
81
-93
-72
316
-50
18
144
248
152
