h00 = [40 + j*(16)
80 + j*(32)
120 + j*(48)
160 + j*(64)
204 + j*(80)
244 + j*(96)
232 + j*(68)
216 + j*(44)
204 + j*(16)
196 + j*(-8)
184 + j*(-36)
172 + j*(-60)
200 + j*(-40)
228 + j*(-16)
256 + j*(4)
284 + j*(28)
316 + j*(48)
344 + j*(72)
364 + j*(76)
380 + j*(80)
400 + j*(88)
420 + j*(92)
440 + j*(100)
460 + j*(104)
404 + j*(84)
348 + j*(64)
292 + j*(48)
236 + j*(28)
184 + j*(12)
128 + j*(-4)
168 + j*(-36)
204 + j*(-64)
244 + j*(-92)
280 + j*(-120)
324 + j*(-148)
364 + j*(-172)
396 + j*(-144)
424 + j*(-116)
460 + j*(-88)
492 + j*(-60)
528 + j*(-28)
564 + j*(4)
536 + j*(-24)
508 + j*(-52)
488 + j*(-80)
460 + j*(-104)
440 + j*(-132)
416 + j*(-156)
384 + j*(-112)
352 + j*(-60)
320 + j*(-12)
288 + j*(40)
256 + j*(88)
228 + j*(140)
280 + j*(88)
340 + j*(36)
392 + j*(-12)
452 + j*(-64)
508 + j*(-116)
564 + j*(-160)
552 + j*(-188)
540 + j*(-212)
528 + j*(-232)
520 + j*(-260)
504 + j*(-280)
496 + j*(-304)
436 + j*(-248)
380 + j*(-192)
320 + j*(-132)
260 + j*(-76)
200 + j*(-20)
144 + j*(40)
176 + j*(32)
208 + j*(28)
240 + j*(24)
272 + j*(16)
308 + j*(12)
340 + j*(12)
352 + j*(52)
360 + j*(92)
372 + j*(140)
384 + j*(180)
396 + j*(228)
408 + j*(276)
388 + j*(200)
372 + j*(128)
356 + j*(56)
340 + j*(-16)
324 + j*(-84)
308 + j*(-156)
240 + j*(-112)
176 + j*(-72)
108 + j*(-28)
44 + j*(16)
-24 + j*(60)
-84 + j*(104)
-20 + j*(80)
48 + j*(56)
112 + j*(36)
180 + j*(12)
244 + j*(-12)
312 + j*(-32)
296 + j*(-44)
280 + j*(-48)
264 + j*(-60)
252 + j*(-68)
236 + j*(-80)
220 + j*(-84)
236 + j*(-24)
256 + j*(40)
276 + j*(100)
292 + j*(164)
312 + j*(224)
336 + j*(288)
348 + j*(224)
368 + j*(160)
392 + j*(96)
408 + j*(32)
428 + j*(-32)
452 + j*(-92)
416 + j*(-56)
380 + j*(-12)
348 + j*(28)
312 + j*(72)
276 + j*(112)
248 + j*(156)
256 + j*(140)
272 + j*(128)
292 + j*(112)
300 + j*(100)
316 + j*(88)
336 + j*(76)
320 + j*(28)
308 + j*(-24)
300 + j*(-72)
284 + j*(-120)
272 + j*(-168)
264 + j*(-212)
280 + j*(-156)
296 + j*(-96)
316 + j*(-36)
332 + j*(24)
352 + j*(84)
372 + j*(144)
340 + j*(88)
312 + j*(36)
284 + j*(-16)
256 + j*(-68)
232 + j*(-120)
204 + j*(-172)
252 + j*(-204)
296 + j*(-232)
344 + j*(-260)
392 + j*(-288)
440 + j*(-316)
536 + j*(-368)
488 + j*(-328)
440 + j*(-280)
392 + j*(-236)
344 + j*(-192)
296 + j*(-152)
252 + j*(-104)
300 + j*(-124)
356 + j*(-136)
404 + j*(-156)
460 + j*(-172)
512 + j*(-192)
564 + j*(-204)
540 + j*(-168)
516 + j*(-124)
492 + j*(-84)
472 + j*(-40)
448 + j*(-4)
428 + j*(40)
424 + j*(-4)
420 + j*(-44)
416 + j*(-84)
412 + j*(-128)
408 + j*(-172)
408 + j*(-208)
364 + j*(-216)
324 + j*(-216)
280 + j*(-216)
240 + j*(-220)
196 + j*(-220)
156 + j*(-220)
168 + j*(-140)
184 + j*(-56)
196 + j*(28)
212 + j*(112)
228 + j*(196)
244 + j*(284)
272 + j*(220)
300 + j*(156)
328 + j*(96)
360 + j*(32)
388 + j*(-32)
420 + j*(-88)
480 + j*(-56)
548 + j*(-20)
608 + j*(16)
676 + j*(48)
736 + j*(88)
804 + j*(124)
716 + j*(96)
632 + j*(68)
548 + j*(44)
464 + j*(20)
380 + j*(-4)
296 + j*(-28)
300 + j*(-68)
300 + j*(-104)
304 + j*(-140)
304 + j*(-176)
308 + j*(-216)
316 + j*(-248)
320 + j*(-240)
328 + j*(-224)
336 + j*(-212)
344 + j*(-200)
352 + j*(-188)
364 + j*(-172)
352 + j*(-188)
348 + j*(-204)
344 + j*(-216)
336 + j*(-232)
332 + j*(-244)
328 + j*(-256)
368 + j*(-220)
408 + j*(-188)
452 + j*(-152)
492 + j*(-120)
532 + j*(-84)
576 + j*(-48)
524 + j*(-72)
476 + j*(-96)
428 + j*(-116)
380 + j*(-140)
332 + j*(-164)
284 + j*(-184)
272 + j*(-160)
260 + j*(-128)
248 + j*(-96)
236 + j*(-68)
224 + j*(-36)
216 + j*(-4)
272 + j*(-48)
328 + j*(-92)
384 + j*(-132)
440 + j*(-176)
496 + j*(-220)
552 + j*(-256)
488 + j*(-244)
428 + j*(-224)
368 + j*(-204)
304 + j*(-188)
244 + j*(-172)
184 + j*(-152)
220 + j*(-144)
256 + j*(-128)
296 + j*(-120)
336 + j*(-108)
372 + j*(-100)
412 + j*(-84)
404 + j*(-72)
400 + j*(-56)
392 + j*(-44)
388 + j*(-24)
384 + j*(-12)
380 + j*(4)
424 + j*(0)
468 + j*(-4)
516 + j*(-8)
560 + j*(-12)
608 + j*(-16)
656 + j*(-16)
600 + j*(4)
544 + j*(28)
492 + j*(52)
432 + j*(76)
380 + j*(100)
328 + j*(124)
276 + j*(100)
224 + j*(80)
180 + j*(56)
128 + j*(36)
80 + j*(16)
32 + j*(-4)
108 + j*(8)
184 + j*(24)
264 + j*(40)
336 + j*(52)
416 + j*(68)
496 + j*(88)
456 + j*(84)
420 + j*(80)
384 + j*(80)
348 + j*(76)
308 + j*(72)
276 + j*(72)
236 + j*(68)
200 + j*(64)
160 + j*(64)
128 + j*(64)
88 + j*(60)
0 + j*(0)
0 + j*(0)
0 + j*(0)
0 + j*(0)
0 + j*(0)
0 + j*(0)
0 + j*(0)
0 + j*(0)
0 + j*(0)
0 + j*(0)
0 + j*(0)
0 + j*(0)
0 + j*(0)
0 + j*(0)
0 + j*(0)
0 + j*(0)
0 + j*(0)
0 + j*(0)
0 + j*(0)
0 + j*(0)
0 + j*(0)
0 + j*(0)
0 + j*(0)
0 + j*(0)
0 + j*(0)
0 + j*(0)
0 + j*(0)
0 + j*(0)
0 + j*(0)
0 + j*(0)
0 + j*(0)
0 + j*(0)
0 + j*(0)
0 + j*(0)
0 + j*(0)
0 + j*(0)
0 + j*(0)
0 + j*(0)
0 + j*(0)
0 + j*(0)
0 + j*(0)
0 + j*(0)
0 + j*(0)
0 + j*(0)
0 + j*(0)
0 + j*(0)
0 + j*(0)
0 + j*(0)
0 + j*(0)
0 + j*(0)
0 + j*(0)
0 + j*(0)
0 + j*(0)
0 + j*(0)
0 + j*(0)
0 + j*(0)
0 + j*(0)
0 + j*(0)
0 + j*(0)
0 + j*(0)
0 + j*(0)
0 + j*(0)
0 + j*(0)
0 + j*(0)
0 + j*(0)
0 + j*(0)
0 + j*(0)
0 + j*(0)
0 + j*(0)
0 + j*(0)
0 + j*(0)
0 + j*(0)
0 + j*(0)
0 + j*(0)
0 + j*(0)
0 + j*(0)
0 + j*(0)
0 + j*(0)
0 + j*(0)
0 + j*(0)
0 + j*(0)
0 + j*(0)
0 + j*(0)
0 + j*(0)
0 + j*(0)
0 + j*(0)
0 + j*(0)
0 + j*(0)
0 + j*(0)
0 + j*(0)
0 + j*(0)
0 + j*(0)
0 + j*(0)
0 + j*(0)
0 + j*(0)
0 + j*(0)
0 + j*(0)
0 + j*(0)
0 + j*(0)
0 + j*(0)
0 + j*(0)
0 + j*(0)
0 + j*(0)
0 + j*(0)
0 + j*(0)
0 + j*(0)
0 + j*(0)
0 + j*(0)
0 + j*(0)
0 + j*(0)
0 + j*(0)
0 + j*(0)
0 + j*(0)
0 + j*(0)
0 + j*(0)
0 + j*(0)
0 + j*(0)
0 + j*(0)
0 + j*(0)
0 + j*(0)
0 + j*(0)
0 + j*(0)
0 + j*(0)
0 + j*(0)
0 + j*(0)
0 + j*(0)
0 + j*(0)
0 + j*(0)
0 + j*(0)
0 + j*(0)
0 + j*(0)
0 + j*(0)
0 + j*(0)
0 + j*(0)
0 + j*(0)
0 + j*(0)
0 + j*(0)
0 + j*(0)
0 + j*(0)
0 + j*(0)
0 + j*(0)
0 + j*(0)
0 + j*(0)
0 + j*(0)
0 + j*(0)
0 + j*(0)
0 + j*(0)
0 + j*(0)
0 + j*(0)
0 + j*(0)
0 + j*(0)
0 + j*(0)
0 + j*(0)
0 + j*(0)
0 + j*(0)
0 + j*(0)
0 + j*(0)
0 + j*(0)
0 + j*(0)
0 + j*(0)
0 + j*(0)
0 + j*(0)
0 + j*(0)
0 + j*(0)
0 + j*(0)
0 + j*(0)
0 + j*(0)
0 + j*(0)
0 + j*(0)
0 + j*(0)
0 + j*(0)
0 + j*(0)
0 + j*(0)
0 + j*(0)
0 + j*(0)
0 + j*(0)
0 + j*(0)
0 + j*(0)
0 + j*(0)
0 + j*(0)
0 + j*(0)
0 + j*(0)
0 + j*(0)
0 + j*(0)
0 + j*(0)
0 + j*(0)
0 + j*(0)
0 + j*(0)
0 + j*(0)
0 + j*(0)
0 + j*(0)
0 + j*(0)
0 + j*(0)
0 + j*(0)
0 + j*(0)
0 + j*(0)
0 + j*(0)
0 + j*(0)
0 + j*(0)
0 + j*(0)
0 + j*(0)
0 + j*(0)
0 + j*(0)
0 + j*(0)
0 + j*(0)
0 + j*(0)
0 + j*(0)
30 + j*(12)
60 + j*(24)
90 + j*(36)
120 + j*(48)
152 + j*(60)
294 + j*(44)
278 + j*(26)
260 + j*(12)
242 + j*(-6)
228 + j*(-20)
212 + j*(-38)
196 + j*(-54)
210 + j*(-34)
222 + j*(-12)
238 + j*(6)
260 + j*(26)
288 + j*(46)
314 + j*(70)
330 + j*(74)
346 + j*(82)
366 + j*(94)
378 + j*(78)
392 + j*(66)
404 + j*(52)
360 + j*(18)
318 + j*(-14)
274 + j*(-42)
230 + j*(-46)
190 + j*(-44)
148 + j*(-44)
176 + j*(-54)
202 + j*(-62)
232 + j*(-70)
258 + j*(-90)
288 + j*(-110)
316 + j*(-126)
338 + j*(-102)
360 + j*(-80)
384 + j*(-56)
416 + j*(-46)
450 + j*(-30)
484 + j*(-16)
472 + j*(-44)
458 + j*(-76)
452 + j*(-104)
424 + j*(-120)
404 + j*(-140)
382 + j*(-156)
352 + j*(-118)
322 + j*(-78)
294 + j*(-40)
278 + j*(8)
264 + j*(52)
252 + j*(96)
302 + j*(66)
356 + j*(32)
406 + j*(4)
446 + j*(-32)
486 + j*(-70)
526 + j*(-100)
514 + j*(-118)
502 + j*(-136)
492 + j*(-146)
474 + j*(-164)
450 + j*(-172)
432 + j*(-184)
374 + j*(-136)
320 + j*(-88)
264 + j*(-38)
234 + j*(-8)
204 + j*(22)
180 + j*(58)
218 + j*(40)
258 + j*(26)
300 + j*(12)
316 + j*(16)
336 + j*(24)
354 + j*(32)
358 + j*(74)
358 + j*(114)
360 + j*(160)
370 + j*(180)
380 + j*(206)
390 + j*(230)
374 + j*(164)
364 + j*(100)
352 + j*(36)
344 + j*(0)
334 + j*(-34)
324 + j*(-70)
278 + j*(-18)
232 + j*(30)
184 + j*(80)
136 + j*(106)
88 + j*(132)
42 + j*(158)
92 + j*(134)
144 + j*(108)
194 + j*(86)
240 + j*(56)
286 + j*(26)
336 + j*(2)
322 + j*(-20)
306 + j*(-32)
292 + j*(-54)
282 + j*(-56)
272 + j*(-62)
260 + j*(-62)
272 + j*(-14)
290 + j*(38)
306 + j*(86)
306 + j*(130)
310 + j*(172)
318 + j*(216)
314 + j*(164)
318 + j*(112)
326 + j*(60)
344 + j*(24)
364 + j*(-12)
388 + j*(-46)
368 + j*(-6)
346 + j*(40)
