pbch0_ext = [-10 + j*(13)
88 + j*(-23)
-19 + j*(75)
-59 + j*(-43)
-56 + j*(110)
69 + j*(-71)
22 + j*(-129)
78 + j*(-66)
-81 + j*(-19)
53 + j*(62)
7 + j*(112)
-70 + j*(103)
-92 + j*(-112)
6 + j*(105)
-111 + j*(-17)
-37 + j*(-18)
105 + j*(-44)
-20 + j*(76)
-102 + j*(84)
147 + j*(-11)
-62 + j*(25)
60 + j*(22)
-129 + j*(-153)
-95 + j*(43)
-175 + j*(21)
87 + j*(70)
82 + j*(13)
-169 + j*(68)
124 + j*(-58)
39 + j*(-94)
36 + j*(12)
132 + j*(47)
-106 + j*(38)
14 + j*(-6)
-69 + j*(11)
-116 + j*(59)
-81 + j*(59)
-45 + j*(-49)
-79 + j*(-41)
-100 + j*(44)
122 + j*(-109)
-31 + j*(-42)
9 + j*(-44)
127 + j*(-4)
13 + j*(-11)
45 + j*(59)
69 + j*(69)
18 + j*(59)
0 + j*(0)
0 + j*(0)
0 + j*(0)
0 + j*(0)
0 + j*(0)
0 + j*(0)
0 + j*(0)
0 + j*(0)
0 + j*(0)
0 + j*(0)
0 + j*(0)
0 + j*(0)
0 + j*(0)
0 + j*(0)
0 + j*(0)
0 + j*(0)
0 + j*(0)
0 + j*(0)
0 + j*(0)
0 + j*(0)
0 + j*(0)
0 + j*(0)
0 + j*(0)
0 + j*(0)
54 + j*(104)
93 + j*(-78)
-21 + j*(-45)
129 + j*(-65)
-52 + j*(-180)
110 + j*(48)
-47 + j*(-59)
-145 + j*(-112)
46 + j*(88)
47 + j*(-74)
71 + j*(33)
-64 + j*(42)
66 + j*(-107)
57 + j*(-10)
-32 + j*(124)
-22 + j*(35)
-69 + j*(27)
-61 + j*(-98)
-61 + j*(-6)
75 + j*(96)
49 + j*(165)
69 + j*(90)
-62 + j*(31)
-35 + j*(-30)
-22 + j*(91)
-54 + j*(-93)
130 + j*(54)
-119 + j*(-125)
-13 + j*(-26)
22 + j*(-75)
-71 + j*(115)
-56 + j*(-13)
25 + j*(-8)
125 + j*(-46)
-9 + j*(54)
140 + j*(-121)
-85 + j*(-54)
88 + j*(35)
125 + j*(-93)
-61 + j*(-104)
23 + j*(139)
21 + j*(98)
49 + j*(-47)
8 + j*(-119)
-98 + j*(59)
57 + j*(7)
80 + j*(115)
-136 + j*(2)
0 + j*(0)
0 + j*(0)
0 + j*(0)
0 + j*(0)
0 + j*(0)
0 + j*(0)
0 + j*(0)
0 + j*(0)
0 + j*(0)
0 + j*(0)
0 + j*(0)
0 + j*(0)
0 + j*(0)
0 + j*(0)
0 + j*(0)
0 + j*(0)
0 + j*(0)
0 + j*(0)
0 + j*(0)
0 + j*(0)
0 + j*(0)
0 + j*(0)
0 + j*(0)
0 + j*(0)
-29 + j*(-34)
23 + j*(4)
55 + j*(-50)
41 + j*(40)
119 + j*(83)
-10 + j*(40)
-5 + j*(-18)
100 + j*(-30)
-29 + j*(79)
-103 + j*(-105)
47 + j*(37)
60 + j*(-1)
-32 + j*(91)
127 + j*(-102)
35 + j*(-30)
-23 + j*(-97)
-65 + j*(-66)
-40 + j*(-56)
69 + j*(-11)
-127 + j*(63)
92 + j*(-36)
-59 + j*(-134)
83 + j*(-45)
-59 + j*(78)
-46 + j*(57)
127 + j*(-53)
123 + j*(-71)
-34 + j*(108)
-82 + j*(-44)
-132 + j*(-48)
96 + j*(-108)
-94 + j*(-82)
-68 + j*(-56)
-56 + j*(157)
-29 + j*(-158)
-107 + j*(-25)
184 + j*(29)
35 + j*(-129)
91 + j*(-76)
-40 + j*(111)
138 + j*(129)
60 + j*(-28)
88 + j*(-22)
79 + j*(-69)
34 + j*(-83)
-23 + j*(74)
-69 + j*(56)
69 + j*(70)
11 + j*(44)
97 + j*(7)
44 + j*(-45)
20 + j*(-8)
83 + j*(-74)
-87 + j*(-35)
-124 + j*(56)
-99 + j*(-64)
-131 + j*(-106)
-45 + j*(-45)
-1 + j*(-32)
-38 + j*(-49)
69 + j*(77)
39 + j*(-78)
-42 + j*(51)
-95 + j*(-28)
84 + j*(111)
-95 + j*(-83)
-18 + j*(-28)
-28 + j*(68)
-95 + j*(-117)
-24 + j*(30)
-30 + j*(47)
-16 + j*(-65)
-68 + j*(119)
43 + j*(32)
156 + j*(89)
118 + j*(99)
-52 + j*(-17)
61 + j*(-44)
91 + j*(48)
89 + j*(-179)
11 + j*(82)
-11 + j*(82)
-68 + j*(-14)
54 + j*(-23)
-44 + j*(43)
133 + j*(-81)
-8 + j*(108)
86 + j*(-38)
-70 + j*(-51)
161 + j*(13)
131 + j*(-95)
-88 + j*(-3)
-79 + j*(-65)
23 + j*(-89)
17 + j*(-134)
177 + j*(86)
44 + j*(62)
-91 + j*(-55)
55 + j*(97)
-11 + j*(14)
35 + j*(16)
-96 + j*(100)
-58 + j*(102)
33 + j*(23)
69 + j*(7)
40 + j*(42)
-19 + j*(-57)
-17 + j*(-45)
-12 + j*(-169)
59 + j*(39)
47 + j*(7)
93 + j*(30)
78 + j*(-4)
110 + j*(-65)
4 + j*(76)
52 + j*(77)
-75 + j*(-75)
137 + j*(21)
23 + j*(92)
35 + j*(-76)
-44 + j*(-5)
-100 + j*(108)
70 + j*(85)
28 + j*(141)
-124 + j*(-136)
162 + j*(-18)
-57 + j*(5)
54 + j*(-22)
-65 + j*(112)
101 + j*(68)
-101 + j*(-33)
-85 + j*(-66)
59 + j*(88)
49 + j*(8)
40 + j*(-54)
-36 + j*(3)
-22 + j*(6)
78 + j*(-44)
-49 + j*(9)
130 + j*(32)
91 + j*(-59)
-27 + j*(-69)
-168 + j*(-119)
-42 + j*(-40)
];
