pdcch00_ch0_ext = [-960 + j*(16)
-940 + j*(108)
-908 + j*(292)
-892 + j*(384)
-896 + j*(436)
-916 + j*(396)
-952 + j*(320)
-976 + j*(284)
-960 + j*(368)
-924 + j*(488)
-860 + j*(728)
-828 + j*(852)
-680 + j*(988)
-568 + j*(1004)
-344 + j*(1040)
-232 + j*(1056)
-296 + j*(932)
-472 + j*(788)
-824 + j*(504)
-1000 + j*(364)
-1128 + j*(308)
-1080 + j*(388)
-984 + j*(552)
-932 + j*(640)
-956 + j*(672)
-1028 + j*(616)
-1168 + j*(512)
-1240 + j*(460)
-1348 + j*(428)
-1384 + j*(452)
-1456 + j*(496)
-1496 + j*(520)
-1436 + j*(572)
-1336 + j*(604)
-1140 + j*(668)
-1040 + j*(700)
-900 + j*(676)
-860 + j*(616)
-780 + j*(504)
-740 + j*(444)
-792 + j*(420)
-888 + j*(456)
-1080 + j*(524)
-1176 + j*(560)
-1224 + j*(548)
-1176 + j*(500)
-1080 + j*(408)
-1032 + j*(360)
-1024 + j*(296)
-1064 + j*(276)
-1140 + j*(236)
-1180 + j*(216)
-1100 + j*(188)
-976 + j*(180)
-732 + j*(164)
-608 + j*(156)
-628 + j*(140)
-768 + j*(132)
-1052 + j*(112)
-1196 + j*(104)
-1184 + j*(104)
-1028 + j*(116)
-724 + j*(140)
-576 + j*(152)
-436 + j*(148)
-444 + j*(132)
-464 + j*(104)
-480 + j*(88)
-424 + j*(112)
-352 + j*(152)
-216 + j*(228)
-148 + j*(268)
-168 + j*(264)
-260 + j*(224)
-440 + j*(144)
-532 + j*(100)
-604 + j*(108)
-584 + j*(156)
-552 + j*(244)
-536 + j*(288)
-636 + j*(408)
-748 + j*(480)
-980 + j*(624)
-1100 + j*(700)
-1120 + j*(804)
-1024 + j*(836)
-832 + j*(908)
-740 + j*(944)
-780 + j*(872)
-912 + j*(764)
-1184 + j*(552)
-1316 + j*(444)
-1360 + j*(360)
-1268 + j*(380)
-1084 + j*(420)
-996 + j*(440)
-860 + j*(488)
-816 + j*(512)
-732 + j*(564)
-688 + j*(592)
-604 + j*(684)
-604 + j*(728)
-604 + j*(816)
-608 + j*(860)
-704 + j*(724)
-792 + j*(544)
-980 + j*(184)
-1076 + j*(4)
-1016 + j*(-92)
-860 + j*(-12)
-552 + j*(148)
-400 + j*(232)
-92 + j*(264)
60 + j*(208)
364 + j*(104)
516 + j*(52)
448 + j*(140)
224 + j*(284)
-220 + j*(568)
-444 + j*(708)
-648 + j*(768)
-624 + j*(692)
-580 + j*(536)
-556 + j*(456)
-524 + j*(340)
-512 + j*(300)
-488 + j*(224)
-476 + j*(188)
-408 + j*(172)
-356 + j*(192)
-248 + j*(232)
-192 + j*(256)
-368 + j*(352)
-600 + j*(428)
-1060 + j*(584)
-1292 + j*(660)
-1320 + j*(736)
-1116 + j*(732)
-716 + j*(724)
-516 + j*(724)
-444 + j*(608)
-572 + j*(488)
-832 + j*(256)
-964 + j*(140)
-1100 + j*(112)
-1100 + j*(200)
-1108 + j*(380)
-1116 + j*(472)
-952 + j*(552)
-780 + j*(544)
-440 + j*(528)
-272 + j*(520)
-132 + j*(540)
-160 + j*(572)
-216 + j*(632)
-244 + j*(660)
-332 + j*(572)
-392 + j*(456)
-512 + j*(224)
-572 + j*(108)
-724 + j*(184)
-816 + j*(376)
-1000 + j*(760)
-1096 + j*(948)
-1184 + j*(984)
-1180 + j*(832)
-1176 + j*(516)
-1172 + j*(360)
-1104 + j*(288)
-1044 + j*(368)
-916 + j*(536)
-848 + j*(616)
-848 + j*(576)
-916 + j*(452)
-1048 + j*(200)
-1112 + j*(76)
-1084 + j*(180)
-988 + j*(408)
-800 + j*(868)
-704 + j*(1100)
-576 + j*(1252)
-540 + j*(1172)
-464 + j*(1020)
-428 + j*(948)
-408 + j*(720)
-424 + j*(564)
-460 + j*(256)
-476 + j*(108)
-536 + j*(52)
-584 + j*(144)
-672 + j*(340)
-716 + j*(440)
-852 + j*(408)
-948 + j*(280)
-1136 + j*(24)
-1228 + j*(-104)
-1412 + j*(-360)
-1504 + j*(-484)
-1692 + j*(-740)
-1788 + j*(-872)
0 + j*(0)
0 + j*(0)
0 + j*(0)
0 + j*(0)
0 + j*(0)
0 + j*(0)
0 + j*(0)
0 + j*(0)
0 + j*(0)
0 + j*(0)
0 + j*(0)
0 + j*(0)
0 + j*(0)
0 + j*(0)
0 + j*(0)
0 + j*(0)
0 + j*(0)
0 + j*(0)
0 + j*(0)
0 + j*(0)
0 + j*(0)
0 + j*(0)
0 + j*(0)
0 + j*(0)
0 + j*(0)
0 + j*(0)
0 + j*(0)
0 + j*(0)
0 + j*(0)
0 + j*(0)
0 + j*(0)
0 + j*(0)
0 + j*(0)
0 + j*(0)
0 + j*(0)
0 + j*(0)
0 + j*(0)
0 + j*(0)
0 + j*(0)
0 + j*(0)
0 + j*(0)
0 + j*(0)
0 + j*(0)
0 + j*(0)
0 + j*(0)
0 + j*(0)
0 + j*(0)
0 + j*(0)
0 + j*(0)
0 + j*(0)
0 + j*(0)
0 + j*(0)
0 + j*(0)
0 + j*(0)
0 + j*(0)
0 + j*(0)
0 + j*(0)
0 + j*(0)
0 + j*(0)
0 + j*(0)
0 + j*(0)
0 + j*(0)
0 + j*(0)
0 + j*(0)
0 + j*(0)
0 + j*(0)
0 + j*(0)
0 + j*(0)
0 + j*(0)
0 + j*(0)
0 + j*(0)
0 + j*(0)
0 + j*(0)
0 + j*(0)
0 + j*(0)
0 + j*(0)
0 + j*(0)
0 + j*(0)
0 + j*(0)
0 + j*(0)
0 + j*(0)
0 + j*(0)
0 + j*(0)
0 + j*(0)
0 + j*(0)
0 + j*(0)
0 + j*(0)
0 + j*(0)
0 + j*(0)
0 + j*(0)
0 + j*(0)
0 + j*(0)
0 + j*(0)
0 + j*(0)
0 + j*(0)
0 + j*(0)
0 + j*(0)
0 + j*(0)
0 + j*(0)
0 + j*(0)
-1260 + j*(50)
-1192 + j*(106)
-1120 + j*(168)
-1048 + j*(230)
-978 + j*(290)
-908 + j*(352)
-834 + j*(412)
-792 + j*(374)
-750 + j*(338)
-704 + j*(304)
-770 + j*(292)
-838 + j*(284)
-902 + j*(276)
-930 + j*(384)
-956 + j*(494)
-982 + j*(604)
-910 + j*(664)
-836 + j*(726)
-758 + j*(792)
-626 + j*(770)
-492 + j*(754)
-358 + j*(744)
-290 + j*(768)
-218 + j*(796)
-146 + j*(830)
-294 + j*(734)
-438 + j*(642)
-584 + j*(556)
-736 + j*(446)
-888 + j*(342)
-1038 + j*(238)
-1022 + j*(300)
-1006 + j*(362)
-988 + j*(426)
-954 + j*(496)
-916 + j*(570)
-882 + j*(640)
-936 + j*(612)
-992 + j*(580)
-1046 + j*(548)
-1068 + j*(526)
-1092 + j*(500)
-1116 + j*(480)
-1118 + j*(508)
-1116 + j*(542)
-1114 + j*(576)
-1122 + j*(518)
-1132 + j*(462)
-1136 + j*(404)
-1050 + j*(352)
-954 + j*(302)
-860 + j*(254)
-850 + j*(328)
-836 + j*(404)
-824 + j*(484)
-856 + j*(488)
-888 + j*(496)
-920 + j*(508)
-902 + j*(436)
-886 + j*(364)
-866 + j*(302)
-952 + j*(294)
-1036 + j*(298)
-1122 + j*(298)
-1178 + j*(350)
-1234 + j*(408)
-1290 + j*(462)
-1238 + j*(456)
-1186 + j*(448)
-1134 + j*(446)
-1082 + j*(392)
-1028 + j*(338)
-976 + j*(290)
-988 + j*(254)
-1000 + j*(220)
-1012 + j*(190)
-1018 + j*(174)
-1026 + j*(162)
-1028 + j*(152)
-920 + j*(144)
-802 + j*(142)
-686 + j*(142)
-608 + j*(116)
-522 + j*(96)
-440 + j*(78)
-558 + j*(52)
-672 + j*(30)
-788 + j*(10)
-902 + j*(52)
-1016 + j*(98)
-1124 + j*(144)
-1020 + j*(202)
-910 + j*(260)
-804 + j*(322)
-712 + j*(322)
-624 + j*(326)
-532 + j*(328)
-566 + j*(308)
-596 + j*(288)
-628 + j*(276)
-610 + j*(256)
-596 + j*(240)
-578 + j*(230)
-504 + j*(248)
-426 + j*(272)
-350 + j*(298)
-298 + j*(334)
-246 + j*(376)
-190 + j*(416)
-258 + j*(394)
-326 + j*(376)
-390 + j*(358)
-468 + j*(310)
-546 + j*(260)
-618 + j*(218)
-618 + j*(234)
-612 + j*(252)
-608 + j*(272)
-604 + j*(306)
-600 + j*(342)
-594 + j*(384)
-690 + j*(438)
-782 + j*(496)
-880 + j*(554)
-956 + j*(600)
-1040 + j*(650)
-1118 + j*(698)
-1040 + j*(714)
-962 + j*(732)
-886 + j*(754)
-810 + j*(768)
-740 + j*(786)
-668 + j*(802)
-768 + j*(710)
-864 + j*(616)
-966 + j*(530)
-1026 + j*(462)
-1086 + j*(394)
-1144 + j*(334)
-1036 + j*(358)
-926 + j*(386)
-816 + j*(418)
-794 + j*(436)
-774 + j*(458)
-746 + j*(480)
-762 + j*(508)
-774 + j*(532)
-788 + j*(558)
-788 + j*(564)
-786 + j*(576)
-782 + j*(592)
-818 + j*(612)
-850 + j*(634)
-882 + j*(656)
-832 + j*(682)
-784 + j*(708)
-734 + j*(736)
-756 + j*(592)
-772 + j*(452)
-794 + j*(308)
-908 + j*(218)
-1022 + j*(126)
-1132 + j*(38)
-1062 + j*(142)
-990 + j*(246)
-918 + j*(350)
-768 + j*(360)
-618 + j*(376)
-468 + j*(390)
-320 + j*(302)
-172 + j*(212)
-24 + j*(124)
82 + j*(128)
190 + j*(128)
300 + j*(132)
126 + j*(278)
-50 + j*(428)
-222 + j*(576)
-380 + j*(662)
-538 + j*(742)
-692 + j*(828)
-670 + j*(742)
-642 + j*(662)
-614 + j*(580)
-588 + j*(516)
-556 + j*(450)
-526 + j*(386)
-506 + j*(348)
-484 + j*(312)
-462 + j*(280)
-448 + j*(238)
-436 + j*(198)
-420 + j*(164)
-376 + j*(164)
-336 + j*(168)
-288 + j*(176)
-276 + j*(208)
-262 + j*(250)
-248 + j*(290)
-448 + j*(366)
-650 + j*(444)
-850 + j*(526)
-1036 + j*(578)
-1222 + j*(628)
-1406 + j*(680)
-1268 + j*(672)
-1128 + j*(662)
-990 + j*(654)
-808 + j*(628)
-626 + j*(604)
-440 + j*(582)
-508 + j*(474)
-572 + j*(362)
-636 + j*(252)
-754 + j*(178)
-876 + j*(102)
-994 + j*(28)
-1022 + j*(106)
-1044 + j*(184)
-1072 + j*(264)
-1078 + j*(328)
-1088 + j*(396)
-1092 + j*(460)
-972 + j*(452)
-848 + j*(444)
-726 + j*(438)
-586 + j*(436)
-448 + j*(434)
-308 + j*(438)
-322 + j*(460)
-330 + j*(488)
-340 + j*(518)
-342 + j*(544)
-346 + j*(570)
-344 + j*(598)
-374 + j*(512)
-400 + j*(430)
-426 + j*(348)
-488 + j*(250)
-548 + j*(150)
-606 + j*(56)
-694 + j*(186)
-780 + j*(320)
-864 + j*(454)
-926 + j*(602)
-990 + j*(746)
-1048 + j*(900)
-1042 + j*(786)
-1032 + j*(676)
-1020 + j*(564)
-1026 + j*(468)
-1030 + j*(376)
-1030 + j*(286)
-988 + j*(370)
-950 + j*(454)
-902 + j*(546)
-892 + j*(586)
-872 + j*(628)
