pdcchF_ext = [344 + j*(140)
242 + j*(197)
-309 + j*(924)
902 + j*(723)
205 + j*(-603)
-121 + j*(450)
507 + j*(-239)
496 + j*(-326)
-225 + j*(-40)
1148 + j*(602)
176 + j*(-795)
736 + j*(475)
-588 + j*(-269)
-856 + j*(-310)
502 + j*(71)
-531 + j*(-132)
398 + j*(-778)
416 + j*(-390)
417 + j*(175)
130 + j*(947)
-281 + j*(773)
-260 + j*(-588)
385 + j*(40)
440 + j*(21)
-540 + j*(863)
669 + j*(-689)
404 + j*(-608)
74 + j*(-918)
-1120 + j*(59)
796 + j*(-665)
-612 + j*(-290)
-88 + j*(-1133)
722 + j*(-973)
-289 + j*(463)
613 + j*(914)
1138 + j*(504)
-100 + j*(-1235)
-663 + j*(-752)
602 + j*(321)
781 + j*(704)
1177 + j*(70)
-229 + j*(-931)
-383 + j*(-666)
390 + j*(-719)
912 + j*(-23)
-424 + j*(1288)
-542 + j*(654)
914 + j*(-260)
-192 + j*(931)
-552 + j*(-693)
-753 + j*(-1037)
141 + j*(-1301)
1000 + j*(256)
-275 + j*(-441)
-533 + j*(-300)
779 + j*(484)
-539 + j*(-118)
-1194 + j*(-378)
460 + j*(100)
458 + j*(-1)
622 + j*(562)
386 + j*(-561)
363 + j*(-815)
-411 + j*(1472)
-669 + j*(609)
-47 + j*(-528)
-1221 + j*(-592)
969 + j*(-630)
268 + j*(-115)
-636 + j*(469)
19 + j*(-268)
93 + j*(650)
1213 + j*(85)
-356 + j*(349)
-170 + j*(-911)
235 + j*(851)
696 + j*(226)
605 + j*(-1454)
864 + j*(-352)
-462 + j*(98)
480 + j*(-945)
156 + j*(-345)
447 + j*(-648)
-760 + j*(-989)
164 + j*(-1195)
-807 + j*(-617)
-1148 + j*(-171)
-503 + j*(779)
-1028 + j*(677)
-1088 + j*(-371)
514 + j*(-715)
-6 + j*(-628)
-767 + j*(-233)
740 + j*(658)
-91 + j*(221)
1304 + j*(352)
-564 + j*(-457)
-631 + j*(514)
-371 + j*(-65)
-1009 + j*(-18)
86 + j*(418)
890 + j*(593)
1254 + j*(353)
-1669 + j*(-30)
742 + j*(284)
515 + j*(748)
-1101 + j*(-849)
306 + j*(786)
1196 + j*(-3)
679 + j*(373)
766 + j*(-141)
1009 + j*(211)
-31 + j*(-612)
984 + j*(568)
-952 + j*(-401)
890 + j*(205)
-646 + j*(421)
-74 + j*(584)
409 + j*(-1242)
572 + j*(-148)
274 + j*(-741)
1182 + j*(-262)
-334 + j*(618)
-506 + j*(-873)
-374 + j*(182)
337 + j*(-933)
-725 + j*(537)
-892 + j*(-23)
945 + j*(421)
-283 + j*(515)
-56 + j*(1156)
588 + j*(-681)
-246 + j*(111)
659 + j*(-302)
-49 + j*(-87)
269 + j*(330)
52 + j*(527)
157 + j*(-1041)
-383 + j*(584)
-424 + j*(1143)
-1027 + j*(-134)
90 + j*(-909)
-1158 + j*(-219)
-454 + j*(59)
1462 + j*(129)
-73 + j*(-74)
-1553 + j*(-753)
349 + j*(880)
-738 + j*(-868)
1111 + j*(1268)
-480 + j*(-436)
974 + j*(928)
-1083 + j*(-63)
698 + j*(-380)
325 + j*(1336)
501 + j*(-49)
-441 + j*(841)
-1276 + j*(-186)
510 + j*(-1200)
-500 + j*(-862)
-734 + j*(-367)
1290 + j*(809)
-639 + j*(793)
-547 + j*(-527)
1061 + j*(47)
923 + j*(59)
-1129 + j*(-747)
-1213 + j*(95)
-1195 + j*(-494)
-666 + j*(-112)
488 + j*(37)
716 + j*(-577)
67 + j*(-1148)
-231 + j*(1353)
-330 + j*(856)
960 + j*(-822)
-950 + j*(-881)
1222 + j*(-70)
-3 + j*(-263)
-209 + j*(945)
599 + j*(-5)
506 + j*(-542)
678 + j*(-545)
356 + j*(-230)
1332 + j*(1032)
-327 + j*(636)
1018 + j*(542)
-1121 + j*(-214)
734 + j*(-249)
344 + j*(-573)
-586 + j*(637)
-153 + j*(759)
-314 + j*(448)
1188 + j*(379)
429 + j*(193)
676 + j*(381)
-144 + j*(362)
-872 + j*(-611)
-44 + j*(-902)
720 + j*(-45)
0 + j*(0)
0 + j*(0)
0 + j*(0)
0 + j*(0)
0 + j*(0)
0 + j*(0)
0 + j*(0)
0 + j*(0)
0 + j*(0)
0 + j*(0)
0 + j*(0)
0 + j*(0)
0 + j*(0)
0 + j*(0)
0 + j*(0)
0 + j*(0)
0 + j*(0)
0 + j*(0)
0 + j*(0)
0 + j*(0)
0 + j*(0)
0 + j*(0)
0 + j*(0)
0 + j*(0)
0 + j*(0)
0 + j*(0)
0 + j*(0)
0 + j*(0)
0 + j*(0)
0 + j*(0)
0 + j*(0)
0 + j*(0)
0 + j*(0)
0 + j*(0)
0 + j*(0)
0 + j*(0)
0 + j*(0)
0 + j*(0)
0 + j*(0)
0 + j*(0)
0 + j*(0)
0 + j*(0)
0 + j*(0)
0 + j*(0)
0 + j*(0)
0 + j*(0)
0 + j*(0)
0 + j*(0)
0 + j*(0)
0 + j*(0)
0 + j*(0)
0 + j*(0)
0 + j*(0)
0 + j*(0)
0 + j*(0)
0 + j*(0)
0 + j*(0)
0 + j*(0)
0 + j*(0)
0 + j*(0)
0 + j*(0)
0 + j*(0)
0 + j*(0)
0 + j*(0)
0 + j*(0)
0 + j*(0)
0 + j*(0)
0 + j*(0)
0 + j*(0)
0 + j*(0)
0 + j*(0)
0 + j*(0)
0 + j*(0)
0 + j*(0)
0 + j*(0)
0 + j*(0)
0 + j*(0)
0 + j*(0)
0 + j*(0)
0 + j*(0)
0 + j*(0)
0 + j*(0)
0 + j*(0)
0 + j*(0)
0 + j*(0)
0 + j*(0)
0 + j*(0)
0 + j*(0)
0 + j*(0)
0 + j*(0)
0 + j*(0)
0 + j*(0)
0 + j*(0)
0 + j*(0)
0 + j*(0)
0 + j*(0)
0 + j*(0)
0 + j*(0)
0 + j*(0)
0 + j*(0)
67 + j*(1343)
-547 + j*(9)
-1022 + j*(-643)
-885 + j*(-227)
1298 + j*(185)
-559 + j*(777)
894 + j*(696)
1089 + j*(208)
322 + j*(233)
1170 + j*(352)
-709 + j*(-90)
-669 + j*(-23)
-217 + j*(836)
-552 + j*(955)
-634 + j*(-772)
491 + j*(-387)
476 + j*(-747)
-119 + j*(342)
-646 + j*(1062)
441 + j*(-500)
-486 + j*(159)
11 + j*(79)
269 + j*(-599)
328 + j*(363)
-631 + j*(515)
490 + j*(-366)
-1083 + j*(130)
-368 + j*(812)
162 + j*(-350)
-680 + j*(155)
-189 + j*(-223)
1192 + j*(68)
-15 + j*(849)
-382 + j*(1678)
-490 + j*(-353)
-796 + j*(114)
-544 + j*(964)
1161 + j*(812)
-584 + j*(42)
-832 + j*(-352)
865 + j*(97)
-1056 + j*(-71)
199 + j*(110)
332 + j*(-137)
-685 + j*(-894)
423 + j*(-320)
-744 + j*(705)
146 + j*(-272)
-696 + j*(-931)
-194 + j*(-567)
-1468 + j*(-392)
-306 + j*(-562)
449 + j*(204)
-1461 + j*(-163)
639 + j*(994)
-806 + j*(139)
914 + j*(223)
-33 + j*(226)
316 + j*(-1230)
1623 + j*(506)
532 + j*(-1019)
220 + j*(-803)
95 + j*(-1263)
1256 + j*(342)
-544 + j*(-723)
-366 + j*(-78)
-601 + j*(-264)
-660 + j*(-336)
-194 + j*(544)
-466 + j*(474)
-31 + j*(933)
1141 + j*(273)
310 + j*(383)
-1311 + j*(-117)
-1604 + j*(-422)
-593 + j*(-441)
-358 + j*(976)
-658 + j*(904)
-228 + j*(1458)
-1016 + j*(211)
66 + j*(1039)
-407 + j*(1008)
375 + j*(-1369)
4 + j*(1109)
-449 + j*(-28)
-605 + j*(1212)
-280 + j*(-12)
23 + j*(-1358)
412 + j*(-368)
169 + j*(-634)
-1046 + j*(-40)
-413 + j*(1366)
-1349 + j*(-98)
-485 + j*(1153)
-596 + j*(-286)
429 + j*(-1281)
-702 + j*(267)
-998 + j*(129)
374 + j*(324)
-221 + j*(1312)
-564 + j*(62)
1363 + j*(770)
142 + j*(-829)
-332 + j*(220)
85 + j*(869)
1063 + j*(-1108)
1302 + j*(-175)
-626 + j*(-276)
-54 + j*(-803)
-592 + j*(649)
-58 + j*(706)
749 + j*(-843)
-969 + j*(-196)
-752 + j*(-715)
156 + j*(-1235)
-460 + j*(915)
162 + j*(-896)
-832 + j*(1026)
400 + j*(288)
884 + j*(651)
-91 + j*(-536)
358 + j*(735)
-414 + j*(617)
769 + j*(-373)
-373 + j*(-336)
-175 + j*(-728)
-432 + j*(503)
91 + j*(-711)
-835 + j*(-382)
-991 + j*(-675)
398 + j*(-706)
-1046 + j*(-461)
629 + j*(401)
30 + j*(380)
-342 + j*(584)
1386 + j*(573)
-949 + j*(8)
108 + j*(-602)
-728 + j*(583)
322 + j*(-1196)
519 + j*(52)
-779 + j*(115)
583 + j*(630)
1521 + j*(372)
-447 + j*(-402)
-605 + j*(280)
-841 + j*(-705)
-682 + j*(-131)
-408 + j*(35)
-1264 + j*(-94)
1457 + j*(317)
-328 + j*(601)
802 + j*(-378)
-583 + j*(-18)
303 + j*(601)
-670 + j*(-141)
-1379 + j*(-411)
-718 + j*(-367)
473 + j*(-621)
-1414 + j*(-215)
193 + j*(581)
301 + j*(-656)
-974 + j*(581)
-791 + j*(-659)
307 + j*(-571)
465 + j*(-1076)
-990 + j*(-476)
409 + j*(-800)
-358 + j*(757)
504 + j*(788)
522 + j*(50)
-834 + j*(-212)
-999 + j*(1010)
1534 + j*(277)
-608 + j*(146)
481 + j*(236)
651 + j*(-1059)
211 + j*(205)
-682 + j*(-552)
-223 + j*(-303)
-1014 + j*(-5)
-460 + j*(-897)
-264 + j*(-1016)
260 + j*(-708)
1010 + j*(473)
-1298 + j*(-819)
-368 + j*(-199)
916 + j*(-119)
1238 + j*(242)
-339 + j*(521)
-887 + j*(212)
-530 + j*(-382)
943 + j*(-549)
-450 + j*(-677)
-190 + j*(1120)
-209 + j*(-1264)
315 + j*(764)
-518 + j*(-116)
-977 + j*(-453)
-40 + j*(679)
319 + j*(411)
93 + j*(-1278)
271 + j*(604)
-480 + j*(-325)
-269 + j*(-709)
-680 + j*(1117)
286 + j*(-962)
1493 + j*(608)
-386 + j*(395)
874 + j*(103)
-240 + j*(931)
-893 + j*(-277)
364 + j*(-1057)
-966 + j*(-450)
544 + j*(-600)
-329 + j*(1113)
678 + j*(-28)
-305 + j*(-86)
-847 + j*(24)
-1257 + j*(-118)
165 + j*(-573)
716 + j*(409)
1202 + j*(671)
-659 + j*(1409)
1099 + j*(279)
-787 + j*(-214)
559 + j*(397)
-526 + j*(-518)
-1039 + j*(1129)
81 + j*(214)
551 + j*(-230)
62 + j*(-416)
-824 + j*(390)
639 + j*(-132)
-1004 + j*(-419)
937 + j*(-296)
-846 + j*(-187)
775 + j*(-927)
-868 + j*(-257)
-799 + j*(289)
-462 + j*(657)
1191 + j*(1223)
-469 + j*(-190)
-734 + j*(330)
506 + j*(733)
351 + j*(-95)
334 + j*(354)
-911 + j*(1019)
1638 + j*(-11)
138 + j*(-1181)
175 + j*(-148)
74 + j*(-848)
-653 + j*(-735)
-148 + j*(-375)
1340 + j*(-206)
-1094 + j*(-974)
-317 + j*(-293)
-91 + j*(-470)
-237 + j*(-581)
-542 + j*(-584)
-354 + j*(886)
