pdcch_llr = [-11
-5
-7
-7
16
-23
-17
-31
-14
13
8
-12
-18
1
-18
5
6
3
-24
-32
-23
16
-7
-32
4
23
5
31
-4
-17
-1
18
-26
-5
-16
-5
-8
-11
6
-31
16
-24
1
22
-11
-8
-13
-10
31
-15
-32
9
-24
15
-16
31
31
12
-32
17
22
22
-14
31
-32
30
20
-14
-3
-32
-26
-32
-23
31
3
31
-10
-17
-9
-27
-28
-17
-7
28
1
28
-27
19
-32
-15
31
-32
26
-15
-32
-2
14
-28
12
27
18
31
-14
31
-32
-15
5
14
10
9
-13
-13
9
4
26
13
-15
-5
-17
-2
-21
-23
-15
16
-12
16
14
-24
11
-6
-2
7
15
12
-16
6
-4
0
9
-3
-2
1
4
-4
-6
-11
5
-1
-2
12
-2
-15
-13
-7
-18
23
-18
-1
8
2
-22
12
-9
5
-26
10
4
31
-32
31
9
31
24
31
31
-4
31
11
21
31
-31
17
-9
25
29
18
-22
-32
5
-7
-32
-29
7
20
23
-3
7
7
20
18
7
-10
-4
-31
-15
-32
30
31
-10
-23
-1
-27
28
31
-10
-26
-32
3
-18
-10
-14
-2
-11
-10
-5
1
5
-6
-12
-2
14
1
-8
8
4
4
-25
1
-11
-11
-23
8
-29
-20
16
-6
-4
21
7
0
-14
11
14
-4
12
5
-10
-11
6
-4
8
-9
-9
-1
3
1
-17
-4
0
3
-4
-19
9
-23
-29
31
21
-5
31
-9
11
20
-16
14
27
14
13
0
-32
-10
1
2
31
31
0
-32
6
31
-6
-32
-1
13
6
-24
3
18
-11
-11
23
-16
-5
-10
19
-1
12
19
-17
15
5
16
14
12
-23
-32
31
-10
3
31
-32
-32
-32
-26
28
31
31
9
31
27
19
11
-14
-10
-30
1
-22
28
25
-32
15
-26
-32
25
26
31
-32
-14
-7
6
31
-14
-11
-23
-28
-10
-27
-14
-12
-8
6
-32
15
-3
-11
-16
15
6
-13
2
-9
8
18
-7
13
-15
13
-8
-32
-22
-15
-8
-27
-13
2
-18
31
15
22
31
-32
21
0
0
0
0
0
0
0
0
0
0
0
0
0
0
0
0
0
0
0
0
0
0
0
0
0
0
0
0
0
0
0
0
0
0
0
0
0
0
0
0
0
0
0
0
0
0
0
0
0
0
0
0
0
0
0
0
0
0
0
0
0
0
0
0
0
0
0
0
0
0
0
0
0
0
0
0
0
0
0
0
0
0
0
0
0
0
0
0
0
0
0
0
0
0
0
0
0
0
0
0
0
0
0
0
0
0
0
0
0
0
0
0
0
0
0
0
0
0
0
0
0
0
0
0
0
0
0
0
0
0
0
0
0
0
0
0
0
0
0
0
0
0
0
0
0
0
0
0
0
0
0
0
0
0
0
0
0
0
0
0
0
0
0
0
0
0
0
0
0
0
0
0
0
0
0
0
0
0
0
0
0
0
0
0
0
0
0
0
0
0
0
0
0
0
0
0
0
0
0
0
-1
-32
19
1
31
27
26
13
-32
-18
23
-16
-15
-29
-24
-18
-5
-9
-22
-19
15
8
16
6
13
-22
26
-21
6
31
-22
2
-29
11
10
-7
31
-9
-21
-1
10
8
1
-2
-17
-2
6
-11
15
13
-13
-8
17
19
20
-9
-9
5
20
2
4
8
-32
-14
9
-26
31
-32
8
17
24
10
31
-16
-18
-32
18
9
20
25
-27
-18
31
18
-6
-7
-14
-1
8
31
-21
3
31
-13
-9
7
12
31
0
20
31
24
3
17
-10
-10
31
22
-2
-32
23
8
-22
-20
4
-6
-26
29
-32
-32
-24
22
-14
21
-15
31
-32
-24
11
31
12
7
19
18
20
21
14
-18
22
-11
12
-31
-32
-21
-6
-15
31
13
31
23
15
17
16
-29
25
-26
13
-32
29
-2
2
-26
12
-20
-12
24
3
-18
5
1
12
-20
5
0
-1
31
-12
9
-8
19
31
5
21
-32
31
13
23
-24
10
12
-21
20
14
2
18
7
-4
-10
15
-24
10
3
-20
-24
-9
13
6
-1
6
-13
-22
2
-14
-12
1
9
-10
5
12
2
8
-7
-19
1
11
11
6
17
-12
22
15
-14
-10
15
23
-13
-5
-10
-10
-22
-5
10
2
-21
19
-9
-27
-3
4
16
-9
26
25
-8
-19
20
15
29
11
31
-27
8
12
31
-4
-24
7
-10
19
-9
-32
-32
29
13
-11
18
31
-13
-24
31
-15
-8
20
7
-6
-24
-31
-31
4
15
18
2
8
30
14
14
10
6
28
24
-30
-32
19
-9
-29
-6
15
12
4
-22
12
17
21
31
9
21
-20
8
31
18
-2
-18
-12
19
31
-19
22
24
-14
14
-25
25
17
22
-17
10
14
-7
2
-13
-3
-4
-1
3
1
6
9
-5
-5
3
3
-4
-15
-7
2
-6
-4
20
-4
10
21
25
-11
28
-16
25
-18
8
-11
-25
10
31
3
7
-16
-8
-16
-16
9
-5
13
3
4
8
-15
2
1
10
7
-11
-5
12
2
-9
3
4
3
12
8
-9
-1
-13
-23
31
2
-24
11
21
-4
31
31
-30
-30
27
-32
-32
17
-3
-15
-19
19
-9
9
17
-19
14
15
16
-16
10
12
-29
-21
0
9
3
27
3
31
13
-12
17
-19
-23
-31
-32
31
-32
-25
-23
14
15
-5
-15
0
14
24
3
2
-4
-9
-6
-8
3
15
9
-10
-10
2
22
-16
-12
7
13
-20
3
10
10
14
-2
9
-12
-19
-32
9
9
23
1
-1
-31
-13
-6
-1
-21
31
-11
-32
-32
-25
31
-8
2
-13
25
14
28
0
12
-32
-13
13
31
3
13
-7
14
-6
20
5
25
23
-23
-23
-1
9
31
26
-11
4
-26
-8
30
-10
25
12
-11
-32
-1
-12
-20
-6
31
31
0
5
-32
4
31
1
-24
-15
6
-14
14
-2
-18
-21
6
12
-17
8
14
-7
-8
7
-18
11
10
-15
-13
13
-15
-28
10
-22
2
21
9
27
28
-13
23
-13
-1
28
17
31
-32
14
-32
-9
-32
-32
8
-5
16
31
-12
-32
18
0
0
0
0
0
0
0
0
0
0
0
0
0
0
0
0
0
0
0
0
0
0
0
0
0
0
0
0
0
0
0
0
0
0
0
0
0
0
0
0
0
0
0
0
0
0
0
0
0
0
0
0
0
0
0
0
0
0
0
0
0
0
0
0
0
0
0
0
0
0
0
0
0
0
0
0
0
0
0
0
0
0
0
0
0
0
0
0
0
0
0
0
0
0
0
0
0
0
0
0
0
0
0
0
0
0
0
0
0
0
0
0
0
0
0
0
0
0
0
0
0
0
0
0
0
0
0
0
0
0
0
0
0
0
0
0
0
0
0
0
0
0
0
0
0
0
0
0
0
0
0
0
0
0
0
0
0
0
0
0
0
0
0
0
0
0
0
0
0
0
0
0
0
0
0
0
0
0
0
0
0
0
0
0
0
0
0
0
0
0
0
0
0
0
0
0
0
0
0
0
0
0
0
0
0
0
0
0
0
0
0
0
0
0
0
0
0
0
0
0
0
0
0
0
0
0
0
0
0
0
0
0
0
0
0
0
0
0
0
0
0
0
0
0
0
0
0
0
0
0
0
0
0
0
0
0
0
0
0
0
0
0
0
0
0
0
0
0
0
0
0
0
0
0
0
0
0
0
0
0
0
0
0
0
0
0
0
0
0
0
0
0
0
0
0
0
0
0
0
0
0
0
0
0
0
0
0
0
0
0
0
0
0
0
0
0
0
0
0
0
0
0
0
0
0
0
0
0
0
0
0
0
0
0
0
0
0
0
0
0
0
0
0
0
0
0
0
0
0
0
0
0
0
0
0
0
0
0
0
0
0
0
0
0
0
0
0
0
0
0
0
0
0
0
0
0
0
0
0
0
0
0
0
0
0
0
0
0
0
0
0
0
0
0
0
0
0
0
0
0
0
0
0
0
0
0
0
0
0
0
0
0
0
0
0
0
0
0
0
0
0
0
0
0
0
0
0
0
0
0
0
0
0
0
0
0
0
0
0
0
0
0
0
0
0
0
0
0
0
0
0
0
0
0
0
0
0
0
0
0
0
0
0
0
0
0
0
0
0
0
0
0
0
0
0
0
0
0
0
0
0
0
0
0
0
0
0
0
0
0
0
0
0
0
0
0
0
0
0
0
0
0
0
0
0
0
0
0
0
0
0
0
0
0
0
0
0
0
0
0
0
0
0
0
0
0
0
0
0
0
0
0
0
0
0
0
0
0
0
0
0
0
0
0
0
0
0
0
0
0
0
0
0
0
0
0
0
0
0
0
0
0
0
0
0
0
0
0
0
0
0
0
0
0
0
0
0
0
0
0
0
0
0
0
0
0
0
0
0
0
0
0
0
0
0
0
0
0
0
0
0
0
0
0
0
0
0
0
0
0
0
0
0
0
0
0
0
0
0
0
0
0
0
0
0
0
0
0
0
0
0
0
0
0
0
0
0
0
0
0
0
0
0
0
0
0
0
0
0
0
0
0
0
0
0
0
0
0
0
0
0
0
0
0
0
0
0
0
0
0
0
0
0
0
0
0
0
0
0
0
0
0
0
0
0
0
0
0
0
0
0
0
0
0
0
0
0
0
0
0
0
0
0
0
0
0
0
0
0
0
0
0
0
0
0
0
0
0
0
0
0
0
0
0
0
0
0
0
0
0
0
0
0
0
0
0
0
0
0
0
0
0
0
0
0
0
0
0
0
0
0
0
0
0
0
0
0
0
0
0
0
0
0
0
0
0
0
0
0
0
0
0
0
0
0
0
0
0
0
0
0
0
0
0
0
0
0
0
0
0
0
0
0
0
0
0
0
0
0
0
0
0
0
0
0
0
0
0
0
0
0
0
0
0
0
0
0
0
0
0
0
0
0
0
0
0
0
0
0
0
0
0
0
0
0
0
0
0
0
0
0
0
0
0
0
0
0
0
0
0
0
0
0
0
0
0
0
0
0
0
0
0
0
0
0
0
0
0
0
0
0
0
0
0
0
0
0
0
0
0
0
0
0
0
0
0
0
0
0
0
0
0
0
0
0
0
0
0
0
0
0
0
0
0
0
0
0
0
0
0
0
0
0
0
0
0
0
0
0
0
0
0
0
0
0
0
0
0
0
0
0
0
0
0
0
0
0
0
0
0
0
0
0
0
0
0
0
0
0
0
0
0
0
0
0
0
0
0
0
0
0
0
0
0
0
0
0
0
0
0
0
0
0
0
0
0
0
0
0
0
0
0
0
0
0
0
0
0
0
0
0
0
0
0
0
0
0
0
0
0
0
0
0
0
0
0
0
0
0
0
0
0
0
0
0
0
0
0
0
0
0
0
0
0
0
0
0
0
0
0
0
0
0
0
0
0
0
0
0
0
0
0
0
0
0
0
0
0
0
0
0
0
0
0
0
0
0
0
0
0
0
0
0
0
0
0
0
0
0
0
0
0
0
0
0
0
0
0
0
0
0
0
0
0
0
0
0
0
0
0
0
0
0
0
0
0
0
0
0
0
0
0
0
0
0
0
0
0
0
0
0
0
0
0
0
0
0
0
0
0
0
0
0
0
0
0
0
0
0
0
0
0
0
0
0
0
0
0
0
0
0
0
0
0
0
0
0
0
0
0
0
0
0
0
0
0
0
0
0
0
0
0
0
0
0
0
0
0
0
0
0
0
0
0
0
0
0
0
0
0
0
0
0
0
0
0
0
0
0
0
0
0
0
0
0
0
0
0
0
0
];
