pdcch0_rxF_comp0 = [-11 + j*(-5)
-7 + j*(-7)
16 + j*(-23)
-17 + j*(-31)
-14 + j*(13)
8 + j*(-12)
-18 + j*(1)
-18 + j*(5)
6 + j*(3)
-24 + j*(-35)
-23 + j*(16)
-7 + j*(-32)
4 + j*(23)
5 + j*(31)
-4 + j*(-17)
-1 + j*(18)
-26 + j*(-5)
-16 + j*(-5)
-8 + j*(-11)
6 + j*(-31)
16 + j*(-24)
1 + j*(22)
-11 + j*(-8)
-13 + j*(-10)
33 + j*(-15)
-34 + j*(9)
-24 + j*(15)
-16 + j*(33)
46 + j*(12)
-43 + j*(17)
22 + j*(22)
-14 + j*(53)
-49 + j*(30)
20 + j*(-14)
-3 + j*(-45)
-26 + j*(-41)
-23 + j*(35)
3 + j*(32)
-10 + j*(-17)
-9 + j*(-27)
-28 + j*(-17)
-7 + j*(28)
1 + j*(28)
-27 + j*(19)
-35 + j*(-15)
34 + j*(-40)
26 + j*(-15)
-32 + j*(-2)
14 + j*(-28)
12 + j*(27)
18 + j*(41)
-14 + j*(45)
-33 + j*(-15)
5 + j*(14)
10 + j*(9)
-13 + j*(-13)
9 + j*(4)
26 + j*(13)
-15 + j*(-5)
-17 + j*(-2)
-21 + j*(-23)
-15 + j*(16)
-12 + j*(16)
14 + j*(-24)
11 + j*(-6)
-2 + j*(7)
15 + j*(12)
-16 + j*(6)
-4 + j*(0)
9 + j*(-3)
-2 + j*(1)
4 + j*(-4)
-6 + j*(-11)
5 + j*(-1)
-2 + j*(12)
-2 + j*(-15)
-13 + j*(-7)
-18 + j*(23)
-18 + j*(-1)
8 + j*(2)
-22 + j*(12)
-9 + j*(5)
-26 + j*(10)
4 + j*(49)
-35 + j*(36)
9 + j*(39)
24 + j*(36)
33 + j*(-4)
42 + j*(11)
21 + j*(35)
-31 + j*(17)
-9 + j*(25)
29 + j*(18)
-22 + j*(-35)
5 + j*(-7)
-35 + j*(-29)
7 + j*(20)
23 + j*(-3)
7 + j*(7)
20 + j*(18)
7 + j*(-10)
-4 + j*(-31)
-15 + j*(-38)
30 + j*(44)
-10 + j*(-23)
-1 + j*(-27)
28 + j*(31)
-10 + j*(-26)
-38 + j*(3)
-18 + j*(-10)
-14 + j*(-2)
-11 + j*(-10)
-5 + j*(1)
5 + j*(-6)
-12 + j*(-2)
14 + j*(1)
-8 + j*(8)
4 + j*(4)
-25 + j*(1)
-11 + j*(-11)
-23 + j*(8)
-29 + j*(-20)
16 + j*(-6)
-4 + j*(21)
7 + j*(0)
-14 + j*(11)
14 + j*(-4)
12 + j*(5)
-10 + j*(-11)
6 + j*(-4)
8 + j*(-9)
-9 + j*(-1)
3 + j*(1)
-17 + j*(-4)
0 + j*(3)
-4 + j*(-19)
9 + j*(-23)
-29 + j*(31)
21 + j*(-5)
31 + j*(-9)
11 + j*(20)
-16 + j*(14)
27 + j*(14)
13 + j*(0)
-49 + j*(-10)
1 + j*(2)
43 + j*(43)
0 + j*(-35)
6 + j*(37)
-6 + j*(-49)
-1 + j*(13)
6 + j*(-24)
3 + j*(18)
-11 + j*(-11)
23 + j*(-16)
-5 + j*(-10)
19 + j*(-1)
12 + j*(19)
-17 + j*(15)
5 + j*(16)
14 + j*(12)
-23 + j*(-35)
37 + j*(-10)
3 + j*(33)
-37 + j*(-34)
-32 + j*(-26)
28 + j*(44)
44 + j*(9)
35 + j*(27)
19 + j*(11)
-14 + j*(-10)
-30 + j*(1)
-22 + j*(28)
25 + j*(-35)
15 + j*(-26)
-35 + j*(25)
26 + j*(34)
-38 + j*(-14)
-7 + j*(6)
36 + j*(-14)
-11 + j*(-23)
-28 + j*(-10)
-27 + j*(-14)
-12 + j*(-8)
6 + j*(-43)
15 + j*(-3)
-11 + j*(-16)
15 + j*(6)
-13 + j*(2)
-9 + j*(8)
18 + j*(-7)
13 + j*(-15)
13 + j*(-8)
-32 + j*(-22)
-15 + j*(-8)
-27 + j*(-13)
2 + j*(-18)
49 + j*(15)
22 + j*(45)
-39 + j*(21)
0 + j*(0)
0 + j*(0)
0 + j*(0)
0 + j*(0)
0 + j*(0)
0 + j*(0)
0 + j*(0)
0 + j*(0)
0 + j*(0)
0 + j*(0)
0 + j*(0)
0 + j*(0)
0 + j*(0)
0 + j*(0)
0 + j*(0)
0 + j*(0)
0 + j*(0)
0 + j*(0)
0 + j*(0)
0 + j*(0)
0 + j*(0)
0 + j*(0)
0 + j*(0)
0 + j*(0)
0 + j*(0)
0 + j*(0)
0 + j*(0)
0 + j*(0)
0 + j*(0)
0 + j*(0)
0 + j*(0)
0 + j*(0)
0 + j*(0)
0 + j*(0)
0 + j*(0)
0 + j*(0)
0 + j*(0)
0 + j*(0)
0 + j*(0)
0 + j*(0)
0 + j*(0)
0 + j*(0)
0 + j*(0)
0 + j*(0)
0 + j*(0)
0 + j*(0)
0 + j*(0)
0 + j*(0)
0 + j*(0)
0 + j*(0)
0 + j*(0)
0 + j*(0)
0 + j*(0)
0 + j*(0)
0 + j*(0)
0 + j*(0)
0 + j*(0)
0 + j*(0)
0 + j*(0)
0 + j*(0)
0 + j*(0)
0 + j*(0)
0 + j*(0)
0 + j*(0)
0 + j*(0)
0 + j*(0)
0 + j*(0)
0 + j*(0)
0 + j*(0)
0 + j*(0)
0 + j*(0)
0 + j*(0)
0 + j*(0)
0 + j*(0)
0 + j*(0)
0 + j*(0)
0 + j*(0)
0 + j*(0)
0 + j*(0)
0 + j*(0)
0 + j*(0)
0 + j*(0)
0 + j*(0)
0 + j*(0)
0 + j*(0)
0 + j*(0)
0 + j*(0)
0 + j*(0)
0 + j*(0)
0 + j*(0)
0 + j*(0)
0 + j*(0)
0 + j*(0)
0 + j*(0)
0 + j*(0)
0 + j*(0)
0 + j*(0)
0 + j*(0)
0 + j*(0)
0 + j*(0)
-1 + j*(-52)
19 + j*(1)
31 + j*(27)
26 + j*(13)
-38 + j*(-18)
23 + j*(-16)
-15 + j*(-29)
-24 + j*(-18)
-5 + j*(-9)
-22 + j*(-19)
15 + j*(8)
16 + j*(6)
13 + j*(-22)
26 + j*(-21)
6 + j*(32)
-22 + j*(2)
-29 + j*(11)
10 + j*(-7)
40 + j*(-9)
-21 + j*(-1)
10 + j*(8)
1 + j*(-2)
-17 + j*(-2)
6 + j*(-11)
15 + j*(13)
-13 + j*(-8)
17 + j*(19)
20 + j*(-9)
-9 + j*(5)
20 + j*(2)
4 + j*(8)
-37 + j*(-14)
9 + j*(-26)
33 + j*(-46)
8 + j*(17)
24 + j*(10)
33 + j*(-16)
-18 + j*(-45)
18 + j*(9)
20 + j*(25)
-27 + j*(-18)
34 + j*(18)
-6 + j*(-7)
-14 + j*(-1)
8 + j*(41)
-21 + j*(3)
36 + j*(-13)
-9 + j*(7)
12 + j*(40)
0 + j*(20)
39 + j*(24)
3 + j*(17)
-10 + j*(-10)
35 + j*(22)
-2 + j*(-35)
23 + j*(8)
-22 + j*(-20)
4 + j*(-6)
-26 + j*(29)
-39 + j*(-32)
-24 + j*(22)
-14 + j*(21)
-15 + j*(39)
-40 + j*(-24)
11 + j*(31)
12 + j*(7)
19 + j*(18)
20 + j*(21)
14 + j*(-18)
22 + j*(-11)
12 + j*(-31)
-33 + j*(-21)
-6 + j*(-15)
38 + j*(13)
46 + j*(23)
15 + j*(17)
16 + j*(-29)
25 + j*(-26)
13 + j*(-45)
29 + j*(-2)
2 + j*(-26)
12 + j*(-20)
-12 + j*(24)
3 + j*(-18)
5 + j*(1)
12 + j*(-20)
5 + j*(0)
-1 + j*(32)
-12 + j*(9)
-8 + j*(19)
35 + j*(5)
21 + j*(-40)
36 + j*(13)
23 + j*(-24)
10 + j*(12)
-21 + j*(20)
14 + j*(2)
18 + j*(7)
-4 + j*(-10)
15 + j*(-24)
10 + j*(3)
-20 + j*(-24)
-9 + j*(13)
6 + j*(-1)
6 + j*(-13)
-22 + j*(2)
-14 + j*(-12)
1 + j*(9)
-10 + j*(5)
12 + j*(2)
8 + j*(-7)
-19 + j*(1)
11 + j*(11)
6 + j*(17)
-12 + j*(22)
15 + j*(-14)
-10 + j*(15)
23 + j*(-13)
-5 + j*(-10)
-10 + j*(-22)
-5 + j*(10)
2 + j*(-21)
19 + j*(-9)
-27 + j*(-3)
4 + j*(16)
-9 + j*(26)
25 + j*(-8)
-19 + j*(20)
15 + j*(29)
11 + j*(41)
-27 + j*(8)
12 + j*(35)
-4 + j*(-24)
7 + j*(-10)
19 + j*(-9)
-32 + j*(-40)
29 + j*(13)
-11 + j*(18)
31 + j*(-13)
-24 + j*(34)
-15 + j*(-8)
20 + j*(7)
-6 + j*(-24)
-31 + j*(-31)
4 + j*(15)
18 + j*(2)
8 + j*(30)
14 + j*(14)
10 + j*(6)
28 + j*(24)
-30 + j*(-34)
19 + j*(-9)
-29 + j*(-6)
15 + j*(12)
4 + j*(-22)
12 + j*(17)
21 + j*(40)
9 + j*(21)
-20 + j*(8)
32 + j*(18)
-2 + j*(-18)
-12 + j*(19)
34 + j*(-19)
22 + j*(24)
-14 + j*(14)
-25 + j*(25)
17 + j*(22)
-17 + j*(10)
14 + j*(-7)
2 + j*(-13)
-3 + j*(-4)
-1 + j*(3)
1 + j*(6)
9 + j*(-5)
-5 + j*(3)
3 + j*(-4)
-15 + j*(-7)
2 + j*(-6)
-4 + j*(20)
-4 + j*(10)
21 + j*(25)
-11 + j*(28)
-16 + j*(25)
-18 + j*(8)
-11 + j*(-25)
10 + j*(31)
3 + j*(7)
-16 + j*(-8)
-16 + j*(-16)
9 + j*(-5)
13 + j*(3)
4 + j*(8)
-15 + j*(2)
1 + j*(10)
7 + j*(-11)
-5 + j*(12)
2 + j*(-9)
3 + j*(4)
3 + j*(12)
8 + j*(-9)
-1 + j*(-13)
-23 + j*(31)
2 + j*(-24)
11 + j*(21)
-4 + j*(36)
49 + j*(-30)
-30 + j*(27)
-33 + j*(-49)
17 + j*(-3)
-15 + j*(-19)
19 + j*(-9)
9 + j*(17)
-19 + j*(14)
15 + j*(16)
-16 + j*(10)
12 + j*(-29)
-21 + j*(0)
9 + j*(3)
27 + j*(3)
40 + j*(13)
-12 + j*(17)
-19 + j*(-23)
-31 + j*(-40)
38 + j*(-33)
-25 + j*(-23)
14 + j*(15)
-5 + j*(-15)
0 + j*(14)
24 + j*(3)
2 + j*(-4)
-9 + j*(-6)
-8 + j*(3)
15 + j*(9)
-10 + j*(-10)
2 + j*(22)
-16 + j*(-12)
7 + j*(13)
-20 + j*(3)
10 + j*(10)
14 + j*(-2)
9 + j*(-12)
-19 + j*(-33)
9 + j*(9)
23 + j*(1)
-1 + j*(-31)
-13 + j*(-6)
-1 + j*(-21)
53 + j*(-11)
-52 + j*(-34)
-25 + j*(34)
-8 + j*(2)
-13 + j*(25)
14 + j*(28)
0 + j*(12)
-42 + j*(-13)
13 + j*(45)
3 + j*(13)
-7 + j*(14)
-6 + j*(20)
5 + j*(25)
23 + j*(-23)
-23 + j*(-1)
9 + j*(48)
26 + j*(-11)
4 + j*(-26)
-8 + j*(30)
-10 + j*(25)
12 + j*(-11)
-36 + j*(-1)
-12 + j*(-20)
-6 + j*(49)
37 + j*(0)
5 + j*(-40)
4 + j*(32)
1 + j*(-24)
-15 + j*(6)
-14 + j*(14)
-2 + j*(-18)
-21 + j*(6)
12 + j*(-17)
8 + j*(14)
-7 + j*(-8)
7 + j*(-18)
11 + j*(10)
-15 + j*(-13)
13 + j*(-15)
-28 + j*(10)
-22 + j*(2)
21 + j*(9)
27 + j*(28)
-13 + j*(23)
-13 + j*(-1)
28 + j*(17)
36 + j*(-35)
14 + j*(-32)
-9 + j*(-39)
-45 + j*(8)
-5 + j*(16)
41 + j*(-12)
-42 + j*(18)
0 + j*(0)
0 + j*(0)
0 + j*(0)
0 + j*(0)
0 + j*(0)
0 + j*(0)
0 + j*(0)
0 + j*(0)
0 + j*(0)
0 + j*(0)
0 + j*(0)
0 + j*(0)
0 + j*(0)
0 + j*(0)
0 + j*(0)
0 + j*(0)
0 + j*(0)
0 + j*(0)
0 + j*(0)
0 + j*(0)
0 + j*(0)
0 + j*(0)
0 + j*(0)
0 + j*(0)
0 + j*(0)
0 + j*(0)
0 + j*(0)
0 + j*(0)
0 + j*(0)
0 + j*(0)
0 + j*(0)
0 + j*(0)
0 + j*(0)
0 + j*(0)
0 + j*(0)
0 + j*(0)
0 + j*(0)
0 + j*(0)
0 + j*(0)
0 + j*(0)
0 + j*(0)
0 + j*(0)
0 + j*(0)
0 + j*(0)
0 + j*(0)
0 + j*(0)
0 + j*(0)
0 + j*(0)
0 + j*(0)
0 + j*(0)
0 + j*(0)
0 + j*(0)
0 + j*(0)
0 + j*(0)
0 + j*(0)
0 + j*(0)
0 + j*(0)
0 + j*(0)
0 + j*(0)
0 + j*(0)
0 + j*(0)
0 + j*(0)
0 + j*(0)
0 + j*(0)
0 + j*(0)
0 + j*(0)
0 + j*(0)
0 + j*(0)
0 + j*(0)
0 + j*(0)
0 + j*(0)
0 + j*(0)
0 + j*(0)
0 + j*(0)
0 + j*(0)
0 + j*(0)
0 + j*(0)
0 + j*(0)
0 + j*(0)
0 + j*(0)
0 + j*(0)
0 + j*(0)
0 + j*(0)
