rxsF3 = [13 + j*(627)
530 + j*(412)
169 + j*(268)
-728 + j*(739)
250 + j*(-252)
15 + j*(817)
1026 + j*(518)
43 + j*(38)
-46 + j*(-366)
175 + j*(405)
-378 + j*(-719)
459 + j*(1399)
-468 + j*(21)
-221 + j*(1043)
-663 + j*(443)
598 + j*(-10)
-66 + j*(-456)
-346 + j*(-71)
-707 + j*(-42)
404 + j*(1046)
814 + j*(213)
-243 + j*(508)
301 + j*(112)
-530 + j*(356)
-709 + j*(-681)
-318 + j*(796)
-785 + j*(288)
98 + j*(450)
-1351 + j*(230)
383 + j*(1124)
-907 + j*(512)
-1136 + j*(-24)
-91 + j*(94)
664 + j*(-1336)
850 + j*(-273)
-1050 + j*(21)
-347 + j*(201)
-165 + j*(-390)
-836 + j*(1459)
-207 + j*(-272)
622 + j*(1006)
-810 + j*(-745)
226 + j*(799)
144 + j*(-144)
-542 + j*(527)
231 + j*(977)
-501 + j*(786)
1269 + j*(143)
206 + j*(-296)
-100 + j*(-136)
-346 + j*(42)
-204 + j*(74)
1017 + j*(-336)
15 + j*(-16)
30 + j*(285)
-590 + j*(-653)
208 + j*(-1104)
-1 + j*(-105)
-945 + j*(299)
154 + j*(-9)
-936 + j*(332)
174 + j*(-409)
793 + j*(-588)
-119 + j*(-419)
467 + j*(482)
284 + j*(-666)
578 + j*(33)
-566 + j*(-1283)
333 + j*(-1293)
-337 + j*(-486)
-310 + j*(521)
557 + j*(206)
119 + j*(1188)
-1136 + j*(-546)
-611 + j*(-1252)
-200 + j*(655)
-141 + j*(62)
1164 + j*(699)
-368 + j*(-318)
-91 + j*(743)
-247 + j*(-288)
-150 + j*(-489)
-704 + j*(-377)
-409 + j*(128)
-243 + j*(-373)
46 + j*(61)
-599 + j*(-274)
-422 + j*(-113)
547 + j*(932)
84 + j*(-1073)
-450 + j*(440)
702 + j*(752)
-1457 + j*(496)
-539 + j*(-35)
-818 + j*(281)
-373 + j*(527)
456 + j*(101)
-1614 + j*(-334)
20 + j*(381)
16 + j*(-493)
411 + j*(-487)
336 + j*(-643)
-198 + j*(367)
241 + j*(716)
844 + j*(1034)
240 + j*(-114)
548 + j*(230)
-212 + j*(-310)
-303 + j*(-524)
-887 + j*(328)
-158 + j*(-890)
-1400 + j*(-69)
-174 + j*(918)
490 + j*(-506)
-725 + j*(-115)
-725 + j*(-426)
-570 + j*(-585)
-655 + j*(9)
76 + j*(-262)
387 + j*(-235)
-717 + j*(62)
302 + j*(-105)
69 + j*(-8)
-230 + j*(-47)
-654 + j*(378)
-77 + j*(1478)
63 + j*(1643)
-141 + j*(270)
-936 + j*(375)
-592 + j*(45)
-564 + j*(-384)
22 + j*(313)
-489 + j*(-499)
1152 + j*(244)
-627 + j*(-284)
734 + j*(-33)
-680 + j*(1288)
-433 + j*(315)
-392 + j*(558)
-645 + j*(154)
125 + j*(-310)
-385 + j*(950)
-274 + j*(724)
555 + j*(129)
163 + j*(838)
-479 + j*(-672)
-411 + j*(297)
-66 + j*(717)
614 + j*(781)
143 + j*(-393)
-888 + j*(162)
826 + j*(549)
-831 + j*(-1534)
-93 + j*(-200)
620 + j*(-506)
-252 + j*(308)
64 + j*(-583)
-940 + j*(-148)
35 + j*(801)
425 + j*(1573)
220 + j*(-91)
-380 + j*(60)
257 + j*(-513)
-466 + j*(149)
93 + j*(209)
400 + j*(-279)
-395 + j*(-345)
-244 + j*(-532)
524 + j*(412)
-680 + j*(153)
210 + j*(631)
713 + j*(43)
-332 + j*(614)
-645 + j*(270)
-68 + j*(327)
687 + j*(648)
-47 + j*(-424)
59 + j*(461)
-416 + j*(-157)
-803 + j*(820)
-73 + j*(-298)
228 + j*(208)
-297 + j*(115)
-136 + j*(-344)
-296 + j*(310)
807 + j*(211)
-281 + j*(-327)
-113 + j*(224)
-10 + j*(-173)
168 + j*(-129)
359 + j*(110)
148 + j*(187)
-276 + j*(34)
699 + j*(440)
286 + j*(313)
496 + j*(200)
-358 + j*(771)
630 + j*(586)
-383 + j*(501)
1069 + j*(-276)
-185 + j*(-233)
624 + j*(-109)
375 + j*(-127)
477 + j*(-173)
-173 + j*(-42)
-118 + j*(231)
36 + j*(23)
281 + j*(-43)
285 + j*(968)
-494 + j*(670)
-474 + j*(655)
-552 + j*(-123)
-375 + j*(-200)
375 + j*(235)
620 + j*(-244)
61 + j*(273)
585 + j*(-24)
-1460 + j*(542)
-380 + j*(-211)
-172 + j*(-1240)
-991 + j*(522)
728 + j*(121)
31 + j*(-469)
700 + j*(-427)
-443 + j*(-83)
-152 + j*(-266)
-658 + j*(131)
192 + j*(686)
362 + j*(1303)
30 + j*(-202)
-272 + j*(197)
692 + j*(-187)
1 + j*(-43)
524 + j*(-457)
-350 + j*(40)
110 + j*(-526)
-360 + j*(-323)
-77 + j*(-107)
-71 + j*(528)
453 + j*(687)
310 + j*(-231)
338 + j*(-45)
227 + j*(749)
836 + j*(-856)
-145 + j*(-127)
894 + j*(382)
400 + j*(185)
629 + j*(-157)
-442 + j*(-450)
267 + j*(-38)
-487 + j*(562)
47 + j*(232)
-416 + j*(-664)
984 + j*(4)
42 + j*(83)
-330 + j*(199)
-144 + j*(962)
-401 + j*(728)
2 + j*(-449)
-664 + j*(-190)
-474 + j*(433)
380 + j*(232)
274 + j*(356)
-1034 + j*(92)
-593 + j*(-260)
340 + j*(357)
-498 + j*(-73)
255 + j*(173)
-361 + j*(-691)
-546 + j*(-906)
292 + j*(-1063)
605 + j*(735)
-684 + j*(-452)
656 + j*(-118)
281 + j*(536)
341 + j*(109)
-33 + j*(-737)
575 + j*(187)
-512 + j*(-195)
-533 + j*(-403)
209 + j*(-4)
738 + j*(-317)
-96 + j*(-249)
248 + j*(-429)
233 + j*(482)
465 + j*(-383)
149 + j*(-434)
-1022 + j*(-240)
-65 + j*(-661)
-182 + j*(47)
-441 + j*(805)
-310 + j*(72)
252 + j*(92)
-491 + j*(-410)
151 + j*(535)
-36 + j*(-586)
1038 + j*(-80)
-373 + j*(584)
181 + j*(-107)
-448 + j*(-446)
156 + j*(-89)
-441 + j*(-122)
1304 + j*(-418)
-257 + j*(431)
-66 + j*(-1219)
96 + j*(836)
-527 + j*(-1372)
195 + j*(-285)
-177 + j*(794)
155 + j*(-332)
49 + j*(202)
11 + j*(816)
608 + j*(415)
768 + j*(493)
-236 + j*(448)
1116 + j*(-151)
-47 + j*(-238)
-984 + j*(-129)
431 + j*(-210)
527 + j*(98)
182 + j*(576)
-363 + j*(-720)
-564 + j*(168)
-26 + j*(-228)
199 + j*(40)
-535 + j*(-211)
-509 + j*(169)
-506 + j*(353)
337 + j*(-157)
447 + j*(509)
660 + j*(483)
394 + j*(-908)
636 + j*(-498)
297 + j*(-407)
711 + j*(478)
-515 + j*(248)
-515 + j*(35)
-112 + j*(515)
581 + j*(77)
880 + j*(118)
648 + j*(107)
-349 + j*(-137)
-890 + j*(-339)
-81 + j*(781)
399 + j*(457)
-514 + j*(133)
929 + j*(-338)
-110 + j*(358)
-126 + j*(540)
-447 + j*(235)
-101 + j*(110)
-249 + j*(-352)
416 + j*(159)
-293 + j*(658)
-363 + j*(-421)
1226 + j*(-155)
-375 + j*(650)
-179 + j*(153)
119 + j*(-353)
-637 + j*(168)
-240 + j*(325)
-117 + j*(489)
-664 + j*(-457)
75 + j*(16)
-235 + j*(-565)
-455 + j*(1037)
15 + j*(67)
301 + j*(580)
337 + j*(-99)
-5 + j*(1044)
-418 + j*(472)
112 + j*(-663)
127 + j*(-534)
451 + j*(-383)
-455 + j*(-45)
-1018 + j*(-806)
1010 + j*(307)
-432 + j*(-486)
-317 + j*(-566)
-581 + j*(1039)
-947 + j*(513)
820 + j*(455)
-155 + j*(894)
-390 + j*(-103)
1104 + j*(-1363)
241 + j*(171)
-382 + j*(-677)
-5 + j*(59)
-718 + j*(-48)
-42 + j*(-265)
-33 + j*(537)
593 + j*(-520)
-551 + j*(-156)
47 + j*(-851)
199 + j*(21)
430 + j*(448)
-375 + j*(862)
-662 + j*(275)
139 + j*(703)
-862 + j*(71)
15 + j*(-401)
-337 + j*(285)
-1026 + j*(64)
-609 + j*(-122)
-139 + j*(115)
-659 + j*(233)
-450 + j*(42)
119 + j*(579)
-326 + j*(-220)
342 + j*(344)
136 + j*(440)
-311 + j*(88)
-870 + j*(227)
-185 + j*(381)
-17 + j*(125)
269 + j*(314)
452 + j*(-993)
968 + j*(-50)
51 + j*(445)
-197 + j*(-390)
599 + j*(-237)
247 + j*(-455)
315 + j*(477)
-1026 + j*(327)
374 + j*(338)
-735 + j*(-470)
105 + j*(-1177)
-66 + j*(630)
54 + j*(-219)
-477 + j*(37)
-624 + j*(-15)
175 + j*(83)
775 + j*(562)
407 + j*(-356)
899 + j*(283)
453 + j*(243)
1293 + j*(480)
891 + j*(-563)
378 + j*(499)
-299 + j*(-257)
414 + j*(573)
593 + j*(-920)
217 + j*(-418)
608 + j*(-327)
45 + j*(-64)
-170 + j*(-249)
-523 + j*(494)
-6 + j*(449)
185 + j*(-372)
-313 + j*(410)
-479 + j*(521)
-128 + j*(482)
-313 + j*(298)
955 + j*(-8)
-78 + j*(-179)
103 + j*(-49)
383 + j*(-267)
-320 + j*(894)
717 + j*(-1336)
-1135 + j*(-500)
-718 + j*(-321)
166 + j*(1)
-592 + j*(-729)
-56 + j*(237)
1223 + j*(-433)
1225 + j*(805)
-243 + j*(-563)
321 + j*(-553)
1183 + j*(-564)
622 + j*(-433)
-1132 + j*(-696)
-447 + j*(395)
383 + j*(-577)
-586 + j*(-66)
-666 + j*(-1433)
-677 + j*(-743)
564 + j*(-940)
-1071 + j*(600)
532 + j*(60)
506 + j*(1246)
-998 + j*(-736)
237 + j*(-1205)
-385 + j*(-336)
663 + j*(-42)
-424 + j*(-445)
-1215 + j*(-870)
45 + j*(-408)
-251 + j*(-378)
-638 + j*(-477)
46 + j*(306)
603 + j*(-701)
-611 + j*(64)
-415 + j*(-798)
726 + j*(-183)
-378 + j*(-535)
-359 + j*(-555)
-47 + j*(-283)
700 + j*(-269)
-366 + j*(-80)
677 + j*(795)
-500 + j*(1026)
-76 + j*(-1037)
-533 + j*(893)
748 + j*(440)
303 + j*(177)
1921 + j*(-544)
115 + j*(1090)
387 + j*(-704)
-29 + j*(169)
849 + j*(-988)
308 + j*(101)
833 + j*(130)
0 + j*(0)
0 + j*(0)
0 + j*(0)
0 + j*(0)
0 + j*(0)
0 + j*(0)
0 + j*(0)
0 + j*(0)
0 + j*(0)
0 + j*(0)
0 + j*(0)
0 + j*(0)
0 + j*(0)
0 + j*(0)
0 + j*(0)
0 + j*(0)
0 + j*(0)
0 + j*(0)
0 + j*(0)
0 + j*(0)
0 + j*(0)
0 + j*(0)
0 + j*(0)
0 + j*(0)
0 + j*(0)
0 + j*(0)
0 + j*(0)
0 + j*(0)
0 + j*(0)
0 + j*(0)
0 + j*(0)
0 + j*(0)
0 + j*(0)
0 + j*(0)
0 + j*(0)
0 + j*(0)
0 + j*(0)
0 + j*(0)
0 + j*(0)
0 + j*(0)
