txsF0 = [251 + j*(-668)
166 + j*(831)
-11 + j*(433)
-382 + j*(381)
391 + j*(-293)
173 + j*(-781)
254 + j*(490)
588 + j*(191)
1243 + j*(90)
383 + j*(-25)
333 + j*(-210)
270 + j*(-272)
-134 + j*(126)
-13 + j*(-142)
-17 + j*(-142)
201 + j*(542)
289 + j*(-53)
54 + j*(-664)
-416 + j*(-201)
87 + j*(226)
536 + j*(-293)
281 + j*(-146)
-224 + j*(223)
-102 + j*(-92)
-67 + j*(-7)
-809 + j*(473)
-120 + j*(-814)
-199 + j*(108)
-560 + j*(296)
236 + j*(435)
-487 + j*(312)
249 + j*(-260)
96 + j*(-760)
149 + j*(-8)
-52 + j*(-41)
-428 + j*(-538)
-500 + j*(147)
508 + j*(-53)
-816 + j*(-237)
256 + j*(409)
-604 + j*(213)
371 + j*(-341)
947 + j*(-360)
339 + j*(458)
-309 + j*(-277)
-535 + j*(29)
-228 + j*(-156)
34 + j*(-64)
161 + j*(361)
-368 + j*(-101)
-167 + j*(569)
-398 + j*(212)
-639 + j*(-153)
-478 + j*(109)
-61 + j*(26)
-87 + j*(450)
-206 + j*(264)
617 + j*(346)
344 + j*(212)
-740 + j*(486)
-505 + j*(673)
-8 + j*(55)
-211 + j*(-722)
4 + j*(35)
301 + j*(-524)
-43 + j*(194)
-317 + j*(-6)
37 + j*(327)
308 + j*(333)
305 + j*(17)
-99 + j*(239)
-203 + j*(-201)
-633 + j*(194)
165 + j*(283)
-184 + j*(500)
-376 + j*(208)
-388 + j*(-47)
-296 + j*(-33)
-196 + j*(1)
-585 + j*(-377)
-263 + j*(-306)
280 + j*(-163)
363 + j*(-278)
-97 + j*(132)
-347 + j*(352)
103 + j*(85)
237 + j*(1206)
231 + j*(-32)
-170 + j*(-33)
654 + j*(461)
321 + j*(-19)
-538 + j*(-36)
29 + j*(213)
161 + j*(-58)
417 + j*(-656)
-711 + j*(73)
-410 + j*(-580)
650 + j*(-647)
34 + j*(325)
-190 + j*(441)
648 + j*(-211)
-429 + j*(331)
72 + j*(366)
-268 + j*(851)
57 + j*(642)
-196 + j*(-539)
276 + j*(568)
129 + j*(-270)
7 + j*(936)
411 + j*(34)
-48 + j*(213)
-8 + j*(-183)
55 + j*(923)
-162 + j*(-424)
-959 + j*(-85)
-230 + j*(509)
-347 + j*(790)
-157 + j*(-334)
-118 + j*(-232)
272 + j*(-639)
-304 + j*(631)
384 + j*(-25)
87 + j*(-51)
-540 + j*(834)
-299 + j*(378)
349 + j*(112)
-4 + j*(-20)
552 + j*(160)
-307 + j*(263)
27 + j*(-756)
42 + j*(321)
-83 + j*(48)
462 + j*(-186)
25 + j*(-368)
482 + j*(5)
-25 + j*(157)
251 + j*(-63)
-392 + j*(-182)
-338 + j*(-246)
18 + j*(-264)
-622 + j*(44)
-634 + j*(-501)
103 + j*(-21)
-130 + j*(750)
460 + j*(-76)
-264 + j*(143)
-92 + j*(463)
374 + j*(-691)
-749 + j*(-759)
157 + j*(480)
0 + j*(0)
0 + j*(0)
0 + j*(0)
0 + j*(0)
0 + j*(0)
0 + j*(0)
0 + j*(0)
0 + j*(0)
0 + j*(0)
0 + j*(0)
0 + j*(0)
0 + j*(0)
0 + j*(0)
0 + j*(0)
0 + j*(0)
0 + j*(0)
0 + j*(0)
0 + j*(0)
0 + j*(0)
0 + j*(0)
0 + j*(0)
0 + j*(0)
0 + j*(0)
0 + j*(0)
0 + j*(0)
0 + j*(0)
0 + j*(0)
0 + j*(0)
0 + j*(0)
0 + j*(0)
0 + j*(0)
0 + j*(0)
0 + j*(0)
0 + j*(0)
0 + j*(0)
0 + j*(0)
0 + j*(0)
0 + j*(0)
0 + j*(0)
0 + j*(0)
0 + j*(0)
0 + j*(0)
0 + j*(0)
0 + j*(0)
0 + j*(0)
0 + j*(0)
0 + j*(0)
0 + j*(0)
0 + j*(0)
0 + j*(0)
0 + j*(0)
0 + j*(0)
0 + j*(0)
0 + j*(0)
0 + j*(0)
0 + j*(0)
0 + j*(0)
0 + j*(0)
0 + j*(0)
0 + j*(0)
0 + j*(0)
0 + j*(0)
0 + j*(0)
0 + j*(0)
0 + j*(0)
0 + j*(0)
0 + j*(0)
0 + j*(0)
0 + j*(0)
0 + j*(0)
0 + j*(0)
0 + j*(0)
0 + j*(0)
0 + j*(0)
0 + j*(0)
0 + j*(0)
0 + j*(0)
0 + j*(0)
0 + j*(0)
0 + j*(0)
0 + j*(0)
0 + j*(0)
0 + j*(0)
0 + j*(0)
0 + j*(0)
0 + j*(0)
0 + j*(0)
0 + j*(0)
0 + j*(0)
0 + j*(0)
0 + j*(0)
0 + j*(0)
0 + j*(0)
0 + j*(0)
0 + j*(0)
0 + j*(0)
0 + j*(0)
0 + j*(0)
0 + j*(0)
0 + j*(0)
0 + j*(0)
0 + j*(0)
0 + j*(0)
0 + j*(0)
0 + j*(0)
0 + j*(0)
0 + j*(0)
0 + j*(0)
0 + j*(0)
0 + j*(0)
0 + j*(0)
0 + j*(0)
0 + j*(0)
0 + j*(0)
0 + j*(0)
0 + j*(0)
0 + j*(0)
0 + j*(0)
0 + j*(0)
0 + j*(0)
0 + j*(0)
0 + j*(0)
0 + j*(0)
0 + j*(0)
0 + j*(0)
0 + j*(0)
0 + j*(0)
0 + j*(0)
0 + j*(0)
0 + j*(0)
0 + j*(0)
0 + j*(0)
0 + j*(0)
0 + j*(0)
0 + j*(0)
0 + j*(0)
0 + j*(0)
0 + j*(0)
0 + j*(0)
0 + j*(0)
0 + j*(0)
0 + j*(0)
0 + j*(0)
0 + j*(0)
0 + j*(0)
0 + j*(0)
0 + j*(0)
0 + j*(0)
0 + j*(0)
0 + j*(0)
0 + j*(0)
0 + j*(0)
0 + j*(0)
0 + j*(0)
0 + j*(0)
0 + j*(0)
0 + j*(0)
0 + j*(0)
0 + j*(0)
0 + j*(0)
0 + j*(0)
0 + j*(0)
0 + j*(0)
0 + j*(0)
0 + j*(0)
0 + j*(0)
0 + j*(0)
0 + j*(0)
0 + j*(0)
0 + j*(0)
0 + j*(0)
0 + j*(0)
0 + j*(0)
0 + j*(0)
0 + j*(0)
0 + j*(0)
0 + j*(0)
0 + j*(0)
0 + j*(0)
0 + j*(0)
0 + j*(0)
0 + j*(0)
0 + j*(0)
0 + j*(0)
0 + j*(0)
0 + j*(0)
0 + j*(0)
0 + j*(0)
0 + j*(0)
0 + j*(0)
0 + j*(0)
0 + j*(0)
0 + j*(0)
0 + j*(0)
0 + j*(0)
0 + j*(0)
0 + j*(0)
0 + j*(0)
0 + j*(0)
0 + j*(0)
0 + j*(0)
0 + j*(0)
0 + j*(0)
0 + j*(0)
0 + j*(0)
0 + j*(0)
0 + j*(0)
0 + j*(0)
0 + j*(0)
0 + j*(0)
0 + j*(0)
0 + j*(0)
-250 + j*(-250)
70 + j*(96)
123 + j*(-212)
-62 + j*(-111)
-391 + j*(131)
337 + j*(261)
-236 + j*(99)
258 + j*(68)
-288 + j*(-404)
-283 + j*(-696)
-317 + j*(193)
517 + j*(-107)
-174 + j*(-287)
-121 + j*(197)
-229 + j*(289)
539 + j*(177)
302 + j*(76)
-118 + j*(344)
147 + j*(-109)
466 + j*(-89)
-374 + j*(239)
119 + j*(-116)
228 + j*(-9)
194 + j*(152)
134 + j*(712)
-281 + j*(-527)
-4 + j*(-157)
-192 + j*(-387)
-287 + j*(-69)
499 + j*(263)
-89 + j*(61)
716 + j*(-171)
-330 + j*(-427)
-377 + j*(235)
-250 + j*(-36)
-2 + j*(99)
-141 + j*(-212)
7 + j*(85)
65 + j*(614)
-1049 + j*(-865)
204 + j*(-31)
75 + j*(-806)
-210 + j*(170)
-98 + j*(-116)
-632 + j*(-228)
88 + j*(113)
-467 + j*(-51)
-48 + j*(-40)
90 + j*(145)
-284 + j*(-189)
-148 + j*(-500)
1035 + j*(-140)
169 + j*(-178)
-62 + j*(-357)
157 + j*(277)
63 + j*(127)
282 + j*(384)
183 + j*(335)
360 + j*(-32)
775 + j*(-25)
-182 + j*(-288)
346 + j*(-104)
-194 + j*(-252)
-834 + j*(-163)
-185 + j*(86)
123 + j*(386)
-38 + j*(116)
365 + j*(-487)
-106 + j*(619)
-4 + j*(-102)
27 + j*(-92)
106 + j*(173)
538 + j*(68)
353 + j*(38)
436 + j*(-509)
459 + j*(-209)
21 + j*(-79)
4 + j*(372)
-327 + j*(61)
-527 + j*(553)
-147 + j*(-210)
-102 + j*(85)
840 + j*(-96)
234 + j*(137)
44 + j*(357)
-20 + j*(477)
-295 + j*(466)
601 + j*(-158)
688 + j*(-54)
-233 + j*(-103)
20 + j*(-72)
275 + j*(281)
-333 + j*(-149)
22 + j*(-268)
-417 + j*(257)
-429 + j*(-320)
-8 + j*(713)
47 + j*(-221)
-223 + j*(-96)
-155 + j*(-504)
919 + j*(-444)
-533 + j*(221)
129 + j*(364)
-106 + j*(-140)
389 + j*(69)
-100 + j*(24)
-64 + j*(-178)
95 + j*(191)
-565 + j*(313)
-387 + j*(167)
183 + j*(-114)
538 + j*(347)
-478 + j*(331)
517 + j*(15)
-326 + j*(-13)
230 + j*(285)
-971 + j*(-224)
-25 + j*(-186)
30 + j*(96)
-337 + j*(18)
-29 + j*(37)
-70 + j*(-717)
511 + j*(-57)
-224 + j*(488)
29 + j*(-377)
155 + j*(-309)
-131 + j*(-288)
131 + j*(471)
133 + j*(-145)
-75 + j*(119)
-71 + j*(-189)
-31 + j*(15)
9 + j*(1112)
456 + j*(-165)
-119 + j*(107)
-897 + j*(-503)
-402 + j*(496)
-302 + j*(-81)
364 + j*(-487)
-253 + j*(70)
-38 + j*(150)
-491 + j*(117)
140 + j*(75)
-610 + j*(-377)
-377 + j*(-594)
93 + j*(51)
54 + j*(840)
-450 + j*(-19)
440 + j*(-245)
-105 + j*(-8)
-292 + j*(375)
631 + j*(266)
215 + j*(-401)
-275 + j*(-261)
474 + j*(-335)
-530 + j*(387)
193 + j*(-298)
-147 + j*(-394)
-268 + j*(-205)
316 + j*(-30)
-402 + j*(-754)
125 + j*(-496)
527 + j*(247)
-318 + j*(-15)
-206 + j*(-384)
148 + j*(-363)
18 + j*(125)
-191 + j*(-659)
-18 + j*(518)
120 + j*(-79)
-556 + j*(463)
583 + j*(-570)
-568 + j*(-205)
-293 + j*(384)
-84 + j*(550)
-343 + j*(445)
-191 + j*(7)
-724 + j*(274)
325 + j*(447)
-188 + j*(246)
-109 + j*(-292)
178 + j*(269)
-290 + j*(333)
-233 + j*(470)
-253 + j*(182)
-45 + j*(26)
107 + j*(-33)
-301 + j*(-161)
-351 + j*(315)
893 + j*(-261)
451 + j*(-256)
-391 + j*(-301)
122 + j*(280)
-219 + j*(-551)
19 + j*(-444)
-211 + j*(-347)
-57 + j*(770)
-556 + j*(508)
-496 + j*(-31)
-131 + j*(-331)
-213 + j*(-16)
-170 + j*(151)
-166 + j*(110)
-267 + j*(-617)
691 + j*(-417)
-562 + j*(618)
291 + j*(-499)
254 + j*(161)
596 + j*(301)
55 + j*(-291)
292 + j*(-84)
159 + j*(8)
-173 + j*(-13)
-114 + j*(250)
127 + j*(-112)
-198 + j*(-442)
-521 + j*(-104)
277 + j*(-76)
-344 + j*(-309)
157 + j*(-738)
-529 + j*(118)
113 + j*(-448)
-637 + j*(541)
-97 + j*(457)
-173 + j*(-398)
84 + j*(668)
-34 + j*(243)
284 + j*(-79)
258 + j*(56)
-299 + j*(-319)
-246 + j*(208)
265 + j*(140)
410 + j*(-304)
66 + j*(-30)
-125 + j*(148)
-97 + j*(157)
-469 + j*(218)
300 + j*(-491)
877 + j*(-335)
134 + j*(233)
-578 + j*(229)
-258 + j*(-369)
640 + j*(92)
76 + j*(-197)
489 + j*(-522)
-547 + j*(-498)
-141 + j*(-6)
519 + j*(-174)
-266 + j*(803)
291 + j*(-387)
-15 + j*(-60)
-119 + j*(-563)
-303 + j*(-363)
